1	367626	110265799	168.24	istight1	4.51	2.44
1	278285	83468636	58.70	istight1	2.37	10.72
1	26457	7935325	53.95	istight0	5.99	0.30
1	448739	134594719	46.55	istight1	4.25	15.77
1	578864	173624454	56.11	istight1	0.85	7.63
1	596921	179040412	51.47	istight1	17.09	0.95
1	488529	146529356	46.39	istight1	9.82	0.72
1	482161	144619211	50.96	istight1	17.32	18.98
1	77385	23210726	45.03	istight1	4.01	2.53
1	25006	7500294	77.26	istight1	13.92	16.74
1	31778	9531385	64.60	istight0	19.52	11.12
1	262343	78687078	85.43	istight1	17.71	16.34
1	483294	144959148	52.19	istight1	8.58	5.05
1	485769	145701377	75.26	istight1	15.19	3.77
1	462433	138701965	48.61	istight1	15.71	4.36
1	543251	162942659	54.90	istight1	11.19	0.27
1	558845	167619813	48.63	istight1	9.92	3.69
1	482104	144602083	85.22	istight1	17.26	10.62
1	503571	151041098	54.36	istight1	9.80	9.08
1	543080	162891491	128.63	istight0	17.73	11.36
1	546859	164024798	45.64	istight0	8.48	14.94
1	546862	164025542	73.12	istight1	1.96	6.96
1	555538	166627964	89.87	istight1	18.96	1.55
1	479519	143826993	91.28	istight1	12.75	3.55
1	263059	78901802	52.69	istight1	16.65	15.99
1	445790	133710005	68.47	istight1	4.37	19.33
1	461372	138383728	64.64	istight1	15.03	15.53
1	548372	164478768	70.78	istight1	11.38	15.85
1	498360	149478034	65.08	istight1	15.95	7.84
1	497768	149300347	61.80	istight1	18.54	1.49
1	502946	150853531	52.82	istight1	19.61	18.71
1	462175	138624738	52.16	istight1	18.58	17.28
1	582551	174730105	47.14	istight1	1.61	11.12
1	478258	143448565	64.64	istight1	1.11	10.25
1	516899	155038663	77.01	istight1	5.85	6.60
1	107893	32361334	56.49	istight1	12.39	18.61
1	445584	133648209	50.95	istight1	15.55	9.77
1	507344	152172651	59.65	istight1	0.77	11.89
1	249747	74909068	53.05	istight1	11.70	10.00
1	637809	191304338	45.52	istight1	15.44	13.27
1	671033	201269535	59.18	istight1	4.81	7.90
1	57210	17159380	52.61	istight1	11.39	1.22
1	604846	181417333	57.76	istight1	16.47	2.43
1	434747	130397918	53.46	istight1	8.26	15.49
1	603792	181101332	50.31	istight1	12.48	8.66
1	351609	105461662	48.60	istight1	2.65	14.63
1	350086	105004593	50.91	istight1	17.10	13.35
1	351322	105375369	115.40	istight1	10.43	5.92
1	400475	120118473	48.55	istight1	8.90	5.68
1	322996	96879396	53.79	istight1	18.82	5.97
1	368043	110390635	49.36	istight1	9.18	0.24
1	401369	120386637	67.88	istight1	3.50	14.54
1	528792	158605816	50.04	istight1	5.14	15.78
1	423374	126986787	47.89	istight1	19.79	7.79
1	329525	98837528	45.03	istight1	13.73	1.60
1	334292	100267376	45.04	istight1	17.71	15.62
1	331437	99411278	48.24	istight0	5.43	9.40
1	201468	60428305	53.96	istight1	4.43	4.64
1	306057	91798756	71.76	istight1	1.17	6.20
1	306244	91854623	50.06	istight1	19.96	14.01
1	329281	98764331	47.51	istight1	16.42	5.67
1	611280	183347138	68.16	istight1	18.25	4.46
1	639551	191826844	81.82	istight1	2.59	16.71
1	434371	130285119	49.04	istight1	9.60	13.73
1	362460	108716278	55.67	istight1	3.64	19.93
1	367677	110280848	51.45	istight1	16.51	1.54
1	401647	120469815	49.08	istight1	4.97	13.48
1	287291	86170065	50.87	istight1	12.53	7.79
1	310165	93030606	58.98	istight1	14.09	3.13
1	433915	130148255	48.18	istight1	12.83	17.64
1	305319	91577317	47.06	istight1	10.49	12.09
1	350466	105118695	51.95	istight1	17.24	14.49
1	201335	60388408	54.08	istight1	15.39	0.09
1	626177	187815339	45.48	istight1	16.52	9.69
1	637972	191353236	50.57	istight1	13.25	17.86
1	661954	198546469	46.06	istight1	16.98	4.21
1	613157	183910381	49.68	istight1	17.52	0.36
1	452292	135660428	54.60	istight1	12.01	1.10
1	459167	137722474	56.08	istight1	18.51	13.99
1	531450	159403060	70.89	istight1	3.11	18.17
1	328822	98626834	53.59	istight1	9.49	11.47
1	346211	103842430	61.52	istight1	8.28	1.25
1	242366	72695162	47.27	istight1	9.83	0.54
1	248262	74463661	65.26	istight1	4.47	17.66
1	473979	142165117	75.48	istight1	7.45	5.58
1	427287	128160491	70.43	istight1	12.92	6.92
1	427737	128295308	71.69	istight1	2.65	1.99
1	448254	134449280	51.13	istight1	12.56	2.00
1	272313	81677496	49.99	istight1	19.76	11.10
1	272333	81683536	45.43	istight1	2.87	5.49
1	495398	148589695	62.17	istight1	8.49	16.48
1	594145	178207823	65.45	istight1	16.40	2.25
1	428265	128453748	51.06	istight1	8.84	1.83
1	458471	137513537	56.41	istight1	12.72	4.63
1	138054	41407876	52.60	istight1	16.42	4.77
1	180412	54112569	47.37	istight1	12.17	0.59
1	200785	60223202	46.48	istight1	15.47	11.48
1	319588	95857200	61.24	istight1	15.64	3.07
1	274462	82322110	47.12	istight1	6.30	16.37
1	423995	127172900	45.40	istight0	14.94	14.83
1	356102	106809296	59.58	istight1	11.35	5.65
1	360470	108119387	62.19	istight1	19.62	5.63
1	360521	108134555	70.15	istight0	8.59	19.93
1	351058	105296329	72.11	istight1	14.23	15.67
1	351147	105322877	45.96	istight1	19.00	1.29
1	618547	185526771	59.31	istight1	8.18	13.83
1	651631	195450284	49.41	istight1	4.21	17.27
1	238259	71463437	61.80	istight1	12.35	2.74
1	379391	113794530	45.84	istight1	4.86	3.67
1	42517	12752585	54.11	istight1	13.38	4.43
1	368572	110549436	48.84	istight1	19.20	2.97
1	50394	15115174	76.13	istight1	11.48	2.13
1	37271	11178845	79.78	istight1	13.02	12.91
1	1424	427196	59.36	istight1	4.03	0.59
1	5682	1704048	56.28	istight1	5.71	16.68
1	75625	22682986	46.62	istight1	5.38	6.42
1	570267	171045725	49.82	istight1	1.79	3.27
1	86709	26007257	46.57	istight1	13.53	12.93
1	67318	20191117	57.40	istight1	5.81	16.45
1	76142	22838064	87.72	istight0	11.53	16.31
1	38021	11403883	47.13	istight1	7.74	14.76
1	310073	93003053	46.40	istight1	17.62	16.34
1	323248	96954904	47.14	istight1	16.13	15.16
1	330374	99092300	62.90	istight1	2.17	1.43
1	330625	99167443	54.19	istight1	14.45	8.62
1	305742	91704206	57.45	istight1	8.75	11.29
1	333683	100084892	52.23	istight1	19.78	17.77
1	350638	105170188	46.96	istight1	14.56	17.32
1	305109	91514182	81.89	istight1	15.22	18.94
1	329436	98810870	71.34	istight1	12.29	16.58
1	615510	184615815	52.38	istight1	6.71	5.23
1	616703	184973778	47.73	istight1	14.05	9.23
1	79838	23946526	47.12	istight1	1.89	18.18
1	79842	23947675	56.46	istight1	9.56	11.87
1	281620	84469085	53.15	istight1	12.92	11.47
1	63658	19093419	57.06	istight1	11.46	12.02
1	235102	70516244	65.56	istight1	11.21	14.09
1	263656	79080800	48.41	istight1	17.15	6.82
1	11760	3527100	50.76	istight1	6.22	13.80
1	170277	51072823	51.96	istight1	4.38	0.56
1	431023	129280980	63.19	istight1	7.03	0.91
1	636236	190832532	79.31	istight1	19.61	4.26
1	653640	196052665	74.83	istight1	18.28	3.40
1	8827	2647570	53.42	istight1	7.78	11.76
1	531939	159549781	46.45	istight1	19.99	15.41
1	616807	185004970	67.26	istight1	1.85	6.70
1	254853	76440695	51.95	istight1	3.26	15.58
1	260868	78244703	61.35	istight1	14.25	8.40
1	263681	79088288	59.86	istight1	5.76	19.11
1	264922	79460797	49.60	istight1	18.56	5.74
1	247356	74191952	50.81	istight1	16.04	3.77
1	265310	79576882	63.18	istight1	19.68	14.03
1	247726	74302711	54.26	istight1	8.75	14.29
1	254356	76291461	45.35	istight1	9.25	0.11
1	153801	46130894	78.34	istight1	3.81	16.56
1	656071	196781980	53.33	istight1	6.25	5.69
1	666576	199932707	88.20	istight1	5.08	17.82
1	500504	150120904	73.29	istight1	2.70	10.15
1	519269	155749453	52.54	istight1	16.14	17.83
1	440296	132062142	60.56	istight1	19.50	10.78
1	391474	117418594	57.92	istight1	4.67	19.67
1	415183	124529858	47.85	istight0	14.23	1.93
1	438978	131666817	51.34	istight1	8.65	16.64
1	197417	59213178	47.61	istight1	2.30	6.31
1	390933	117256410	49.95	istight1	4.73	3.52
1	403076	120898508	49.19	istight1	6.34	16.84
1	419501	125825191	69.98	istight1	10.25	0.92
1	485092	145498481	68.14	istight1	8.19	18.40
1	529763	158897011	70.81	istight1	16.70	8.42
1	210895	63255849	51.42	istight1	8.30	18.18
1	267718	80299160	103.69	istight1	8.88	10.87
1	476487	142917571	47.42	istight1	18.63	17.07
1	507561	152237766	54.84	istight1	19.80	16.74
1	603632	181053169	105.47	istight1	3.34	13.39
1	606821	182009724	72.51	istight1	2.27	16.08
1	610744	183186575	54.24	istight1	12.44	18.24
1	334914	100454056	71.41	istight0	16.03	3.63
1	422762	126803173	63.99	istight1	9.57	16.19
1	603574	181035887	82.00	istight1	17.95	2.39
1	434227	130241922	149.84	istight1	19.36	10.64
1	334525	100337244	60.76	istight1	11.17	8.96
1	563902	169136769	62.40	istight1	11.65	2.04
1	391136	117317377	46.64	istight1	5.45	18.27
1	666114	199794139	46.83	istight1	19.69	13.46
1	614322	184259739	60.91	istight1	14.00	19.84
1	631999	189561631	51.77	istight1	19.25	13.43
1	439601	131853925	78.38	istight1	2.22	19.01
1	295331	88581591	59.40	istight1	3.92	15.68
1	286452	85918411	55.17	istight1	16.32	12.83
1	208143	62430433	66.01	istight1	19.89	5.71
1	227013	68090291	49.97	istight1	7.79	15.76
1	41951	12582662	63.90	istight1	5.85	12.66
1	50728	15215238	68.49	istight1	16.31	19.27
1	89444	26827810	117.61	istight1	8.40	5.88
1	197471	59229321	48.60	istight1	19.40	19.30
1	615748	184687237	65.63	istight1	8.64	19.52
1	603904	181134936	59.86	istight1	4.26	13.32
1	430173	129026037	71.46	istight1	16.22	15.98
1	430416	129098952	53.56	istight1	8.04	19.80
1	430490	129120970	45.08	istight1	8.35	10.58
1	306661	91979868	47.86	istight1	11.84	6.25
1	335033	100489724	60.62	istight1	17.22	4.30
1	528686	158573844	52.52	istight1	4.64	2.50
1	369270	110758737	45.58	istight0	14.30	3.09
1	237670	71286651	83.01	istight1	7.39	15.12
1	285920	85758672	66.17	istight1	10.11	9.90
1	224022	67193031	60.67	istight1	11.24	19.91
1	81333	24394931	65.65	istight1	5.12	12.16
1	80422	24121521	53.68	istight1	19.17	18.28
1	296021	88788441	52.96	istight1	6.62	19.77
1	529151	158713583	62.43	istight1	11.49	17.20
1	224425	67313966	63.49	istight1	15.85	15.98
1	238094	71413878	47.77	istight1	11.84	13.54
1	656649	196955360	55.96	istight1	18.73	11.32
1	602969	180854365	45.38	istight1	6.45	12.69
1	613647	184057264	55.04	istight1	18.71	15.67
1	613974	184155303	55.72	istight0	7.44	8.17
1	614789	184399699	49.81	istight1	17.29	18.25
1	206729	62006049	48.96	istight1	14.67	1.08
1	206729	62006057	57.24	istight0	16.07	14.19
1	81608	24477423	67.77	istight1	6.07	11.62
1	197209	59150759	64.41	istight1	9.93	19.05
1	2652	795280	58.56	istight1	13.78	1.86
1	218472	65528363	48.91	istight1	4.71	10.16
1	207935	62367974	49.55	istight1	2.65	7.41
1	210270	63068261	64.92	istight1	4.69	8.51
1	518592	155546391	62.54	istight1	17.49	12.63
1	521509	156421241	56.70	istight1	14.32	4.17
1	319315	95775163	51.07	istight1	9.02	3.45
1	137153	41137692	45.90	istight1	16.46	6.79
1	391191	117333779	60.36	istight1	14.97	17.81
1	519839	155920536	72.81	istight1	1.02	11.04
1	457032	137081986	55.24	istight1	15.29	17.93
1	493164	147919569	62.01	istight1	1.99	17.85
1	500861	150228258	46.08	istight1	7.40	8.99
1	440884	132238617	48.66	istight1	4.80	6.39
1	168007	50391832	46.56	istight1	12.39	10.74
1	227366	68196037	48.20	istight1	7.47	15.50
1	490958	147257819	84.19	istight1	14.59	7.19
1	355418	106604045	59.77	istight1	18.37	12.07
1	271860	81541404	46.80	istight1	13.35	1.72
1	406257	121852763	63.61	istight0	4.08	8.67
1	354628	106366958	50.34	istight1	2.00	7.10
1	270488	81130121	54.03	istight1	7.00	16.22
1	280325	84080663	47.38	istight1	17.12	16.37
1	517445	155202485	53.86	istight1	2.68	8.46
1	433580	130047798	46.02	istight1	15.47	19.77
1	507963	152358292	58.04	istight1	12.62	19.76
1	442374	132685578	54.92	istight1	12.24	13.80
1	508373	152481496	48.53	istight1	15.49	7.00
1	434895	130442426	46.47	istight1	12.33	3.16
1	372775	111810004	54.59	istight1	15.85	9.50
1	442115	132607961	51.33	istight1	17.73	8.57
1	321913	96554596	85.49	istight1	18.10	3.77
1	331395	99398550	54.69	istight1	13.30	16.19
1	670724	201176794	51.02	istight1	9.81	14.87
1	435590	130650792	48.19	istight1	9.17	13.88
1	362265	108657757	63.70	istight1	8.82	8.18
1	645021	193467566	47.98	istight1	15.03	3.90
1	305964	91770784	47.14	istight1	15.29	9.77
1	305977	91774739	52.13	istight1	3.94	0.89
1	331532	99439745	57.14	istight1	16.00	3.33
1	544374	163279379	48.33	istight1	16.36	8.99
1	644184	193216371	48.52	istight1	8.46	15.66
1	604278	181247107	64.28	istight1	16.18	16.40
1	18922	5675256	48.56	istight1	1.46	2.55
1	23169	6949220	46.58	istight1	7.82	2.97
1	28443	8531030	51.52	istight1	6.58	16.79
1	6631	1988715	73.39	istight0	9.43	8.98
1	7145	2143007	56.34	istight1	9.79	9.48
1	88586	26570306	116.70	istight1	8.17	2.32
1	218605	65568303	54.85	istight1	15.22	14.67
1	18071	5420030	59.88	istight1	19.24	15.60
1	19176	5751473	65.97	istight1	18.46	12.53
1	40813	12241316	62.28	istight1	4.95	7.03
1	379439	113808991	56.60	istight1	17.75	18.22
1	602823	180810550	47.81	istight1	16.37	2.71
1	554413	166290563	70.38	istight1	5.56	8.45
1	53024	15903922	54.62	istight1	17.66	3.93
1	31011	9301358	64.43	istight1	7.11	13.04
1	36321	10893925	46.17	istight1	5.93	8.57
1	41474	12439637	65.89	istight1	17.72	9.07
1	171640	51481640	60.26	istight1	15.31	17.48
1	529971	158959322	76.70	istight1	19.75	15.96
1	28834	8648465	62.80	istight1	13.80	19.87
1	550619	165152419	53.21	istight1	15.01	10.16
1	535763	160696690	52.99	istight1	15.36	19.24
1	526986	158064096	50.14	istight1	3.58	7.80
1	11282	3383990	63.34	istight1	13.70	11.76
1	21902	6569183	46.71	istight1	17.87	9.89
1	29228	8766488	55.00	istight1	13.96	12.58
1	612651	183758491	162.02	istight1	18.91	15.28
1	167350	50194909	56.55	istight1	1.45	9.24
1	580843	174217844	46.21	istight1	2.47	12.80
1	56202	16857180	70.62	istight1	19.22	12.83
1	634278	190245260	50.72	istight1	12.65	16.50
1	644654	193357551	62.96	istight1	7.65	1.22
1	670848	201213950	65.26	istight1	10.30	10.63
1	544101	163197546	83.74	istight1	4.69	14.94
1	544430	163296119	52.46	istight1	19.90	18.44
1	603971	181154807	45.72	istight1	9.29	19.97
1	334003	100180695	58.21	istight1	3.23	15.44
1	350088	105005104	57.57	istight1	12.69	9.20
1	453920	136148543	64.70	istight1	11.92	16.88
1	350836	105229556	95.95	istight1	2.72	0.60
1	544185	163222824	57.64	istight1	10.15	11.55
1	262653	78779901	49.98	istight1	12.84	13.32
1	262794	78822380	50.24	istight1	13.19	8.12
1	322695	96789147	51.66	istight1	1.35	14.73
1	430322	129070590	62.90	istight1	6.25	11.16
1	330317	99075258	45.43	istight1	12.51	11.99
1	600569	180134428	49.73	istight1	13.97	17.84
1	631812	189505565	57.05	istight1	10.21	14.71
1	623184	186917628	60.24	istight1	9.29	12.63
1	275702	82694021	59.44	istight1	7.54	12.91
1	275949	82768109	47.65	istight1	8.02	0.27
1	288112	86416198	51.09	istight1	16.92	2.57
1	440208	132035992	58.85	istight1	13.15	15.28
1	492969	147860939	53.38	istight1	13.09	3.66
1	416479	124918554	50.95	istight1	16.86	17.92
1	439459	131811186	60.28	istight1	15.93	6.99
1	218063	65405652	59.95	istight1	0.77	9.85
1	438553	131539468	70.02	istight1	6.73	1.33
1	210075	63009785	45.95	istight1	12.19	4.82
1	645291	193548455	56.66	istight1	8.63	16.91
1	402616	120760616	89.28	istight1	18.08	12.09
1	275769	82713964	46.04	istight1	19.27	13.44
1	414897	124444251	45.30	istight1	5.78	8.48
1	415527	124633061	54.17	istight1	14.63	14.21
1	167335	50190377	60.22	istight1	17.32	19.11
1	529903	158939167	80.83	istight1	8.41	18.50
1	278391	83500573	54.67	istight0	16.54	19.98
1	268168	80434278	49.21	istight1	12.24	9.54
1	125315	37586776	102.65	istight1	19.13	18.16
1	224066	67206296	60.74	istight1	18.54	19.42
1	579879	173928706	49.39	istight1	14.25	0.05
1	414404	124296356	69.31	istight1	15.72	16.12
1	463777	139105224	61.15	istight1	6.19	4.75
1	669668	200860267	92.39	istight1	5.24	4.70
1	437411	131197009	59.38	istight1	2.44	6.63
1	267438	80215310	45.32	istight1	10.29	0.27
1	217420	65212828	94.85	istight1	1.12	4.83
1	401897	120544999	45.20	istight1	18.55	13.98
1	199552	59853667	48.59	istight1	8.44	17.71
1	268190	80440706	46.95	istight1	11.48	0.23
1	570403	171086541	55.72	istight1	10.63	2.71
1	592362	177672949	53.41	istight1	19.70	10.41
1	639194	191719772	79.32	istight1	15.42	12.86
1	91307	27386505	62.88	istight1	18.15	1.11
1	87166	26144526	55.42	istight1	1.99	8.96
1	87168	26144971	55.23	istight1	19.35	15.68
1	54320	16292753	114.62	istight1	6.58	14.55
1	193	57896	45.77	istight1	10.14	14.15
1	366418	109903423	52.16	istight1	7.46	17.89
1	379896	113945873	57.26	istight1	15.67	4.25
1	562669	168766807	47.65	istight1	19.53	13.86
1	77001	23095629	60.63	istight1	10.40	16.09
1	86975	26087228	62.97	istight1	3.78	18.15
1	3556	1066454	80.26	istight1	9.05	2.03
1	181332	54388665	50.56	istight1	17.59	14.02
1	181398	54408467	45.91	istight1	12.43	17.44
1	262200	78644294	59.00	istight1	4.14	17.69
1	62944	18879420	75.56	istight1	9.78	14.24
1	67269	20176533	58.84	istight1	15.90	19.80
1	7425	2226858	56.34	istight1	5.74	6.47
1	8033	2409206	65.61	istight1	12.48	12.27
1	671360	201367727	51.32	istight1	19.38	11.69
1	420883	126239462	50.72	istight1	11.16	18.04
1	246622	73971688	46.29	istight1	8.10	7.20
1	243864	73144479	69.21	istight1	17.30	14.00
1	477539	143232916	48.70	istight1	4.13	12.39
1	68642	20588219	88.01	istight1	17.11	11.03
1	8788	2635729	52.44	istight1	13.99	18.36
1	8807	2641561	59.75	istight1	16.03	5.14
1	78627	23583212	88.41	istight1	18.86	14.99
1	592970	177855353	45.67	istight1	2.19	9.62
1	21359	6406250	64.37	istight1	12.83	14.78
1	89201	26754819	64.21	istight1	4.78	10.47
1	54205	16258185	58.91	istight1	5.72	15.85
1	71719	21511328	48.81	istight1	11.26	5.77
1	441150	132318425	69.39	istight1	14.40	12.26
1	287275	86165251	50.70	istight1	12.09	7.17
1	305652	91677230	90.67	istight1	18.96	9.56
1	28381	8512583	49.89	istight1	8.32	11.28
1	49410	14819893	55.09	istight1	16.17	4.43
1	637623	191248664	100.12	istight1	17.68	2.09
1	605747	181687524	46.87	istight1	6.93	2.20
1	322379	96694169	55.50	istight1	19.76	16.71
1	329068	98700411	91.83	istight1	19.13	9.03
1	434583	130348789	126.47	istight1	11.87	15.18
1	434604	130355026	50.84	istight1	5.48	7.68
1	420723	126191696	49.22	istight1	2.07	18.72
1	427842	128326810	51.40	istight1	1.50	15.47
1	243881	73149544	59.09	istight1	19.91	6.26
1	253893	76152637	50.09	istight1	16.63	3.99
1	242087	72611450	49.95	istight1	13.15	4.20
1	15527	4657188	69.61	istight1	0.40	0.64
1	57696	17305245	59.20	istight1	2.26	19.81
1	219291	65774014	45.55	istight1	17.79	1.54
1	59105	17727711	117.50	istight1	13.24	9.31
1	498574	149542191	58.42	istight1	17.24	14.99
1	424020	127180521	71.41	istight1	11.54	11.46
1	428356	128481068	47.16	istight1	4.06	18.02
1	310358	93088590	52.95	istight1	1.92	15.30
1	311369	93391940	72.75	istight1	10.30	8.60
1	254237	76255649	60.68	istight1	8.95	13.42
1	254448	76319186	53.55	istight1	8.34	10.22
1	296575	88954552	48.60	istight1	14.90	18.66
1	211363	63396241	47.71	istight1	18.26	19.75
1	217218	65152255	59.89	istight1	11.20	4.66
1	224364	67295784	46.76	istight1	3.83	2.16
1	198264	59467369	66.16	istight1	12.66	19.76
1	199741	59910150	58.61	istight1	19.39	13.03
1	206709	62000255	59.79	istight1	17.77	11.73
1	37876	11360337	56.93	istight1	16.43	11.36
1	72853	21851378	45.05	istight1	11.26	6.15
1	557276	167149219	119.57	istight1	14.55	0.05
1	311079	93304900	51.62	istight1	15.14	10.68
1	318903	95651520	52.34	istight1	19.46	0.78
1	331681	99484459	80.62	istight1	18.33	19.13
1	558120	167402376	73.43	istight1	0.36	8.59
1	558133	167406271	53.45	istight1	9.46	9.31
1	566696	169974755	68.29	istight0	8.48	17.79
1	666360	199867871	78.03	istight1	17.38	16.86
1	219321	65783104	58.91	istight1	4.59	17.31
1	91627	27482621	61.55	istight1	14.49	12.60
1	197121	59124221	93.22	istight1	7.97	10.59
1	102030	30602771	76.81	istight1	1.48	16.85
1	42091	12624622	56.43	istight1	2.12	17.98
1	75698	22704710	117.83	istight1	15.30	5.28
1	1263	378804	50.72	istight1	11.08	3.72
1	2638	791021	56.66	istight0	8.31	0.14
1	493591	148047656	54.32	istight1	10.37	3.10
1	613334	183963418	79.76	istight1	0.96	4.05
1	613364	183972345	168.32	istight1	7.97	5.34
1	344369	103289881	48.43	istight1	17.98	13.20
1	602702	180774339	52.37	istight1	10.54	0.01
1	13363	4007935	46.00	istight1	18.32	6.76
1	224810	67429473	45.58	istight1	6.89	11.31
1	560350	168071121	52.29	istight1	12.56	9.53
1	198557	59554920	59.22	istight1	16.55	17.61
1	651761	195489195	65.99	istight1	16.99	7.99
1	639196	191720488	62.64	istight1	9.78	0.28
1	670567	201129644	50.21	istight1	11.72	11.95
1	618954	185648988	62.67	istight1	19.91	10.87
1	454616	136357319	49.15	istight1	13.34	18.02
1	607093	182091210	61.50	istight1	4.99	16.22
1	513808	154111380	78.67	istight1	15.45	3.02
1	514704	154380263	46.54	istight1	6.11	14.61
1	617168	185113218	52.98	istight1	17.74	15.40
1	624322	187259009	49.99	istight1	18.30	7.64
1	625325	187559738	72.17	istight1	2.07	14.57
1	595840	178716104	46.45	istight1	9.17	10.63
1	648685	194566563	103.75	istight1	6.16	8.24
1	648700	194571092	61.60	istight1	18.74	16.44
1	560619	168151955	54.13	istight1	16.04	17.15
1	614262	184241660	49.39	istight1	14.88	9.37
1	623265	186942020	54.50	istight1	2.88	17.76
1	646851	194016441	57.75	istight1	15.70	4.54
1	491907	147542573	108.40	istight1	1.07	8.68
1	623006	186864464	60.75	istight1	19.98	13.71
1	198961	59676319	52.60	istight0	14.09	3.01
1	579703	173875943	45.79	istight1	1.20	10.00
1	413920	124151042	45.06	istight0	5.76	5.79
1	413495	124023513	51.40	istight1	0.41	1.85
1	285748	85707059	49.17	istight1	16.21	19.90
1	504373	151281502	55.62	istight1	17.99	8.10
1	507462	152207954	55.45	istight1	7.11	6.17
1	277286	83169038	49.34	istight1	6.32	0.63
1	343219	102945138	62.82	istight1	7.15	9.01
1	556335	166867179	51.81	istight1	9.21	10.15
1	496840	149022121	63.55	istight1	11.85	16.64
1	497877	149333280	47.83	istight1	18.74	14.00
1	504118	151204973	82.06	istight1	10.92	8.17
1	498273	149452077	46.24	istight1	6.19	1.62
1	582586	174740852	49.69	istight1	15.71	10.59
1	463417	138997375	77.29	istight1	11.37	3.04
1	449419	134798793	72.99	istight1	15.62	19.96
1	547594	164245208	54.97	istight1	13.10	1.38
1	548215	164431654	51.49	istight1	11.07	8.30
1	555180	166520547	89.83	istight1	0.21	6.24
1	460908	138244784	55.18	istight1	10.57	12.53
1	462509	138724944	65.12	istight1	9.56	9.81
1	483053	144886835	47.34	istight1	16.21	19.88
1	504083	151194536	56.22	istight1	16.05	10.72
1	339155	101726133	72.65	istight1	8.66	7.90
1	542828	162815806	55.57	istight1	13.94	7.50
1	461104	138303459	58.68	istight1	8.76	5.98
1	469930	140950658	51.75	istight1	2.26	18.80
1	257788	77320979	57.35	istight1	5.82	3.50
1	339299	101769163	49.45	istight1	13.93	14.19
1	487941	146352837	69.26	istight1	6.11	14.84
1	489442	146803243	62.86	istight1	11.85	7.13
1	23933	7178225	58.09	istight1	5.58	6.93
1	482989	144867789	51.63	istight1	11.38	2.45
1	488130	146409592	49.01	istight1	19.54	12.00
1	636620	190947853	64.31	istight1	15.35	5.75
1	489770	146901442	53.99	istight1	19.70	10.22
1	468592	140549425	58.86	istight1	6.31	17.38
1	446223	133840031	76.06	istight1	5.62	2.15
1	456000	136772486	100.18	istight1	4.43	7.60
1	342749	102804156	49.09	istight1	18.34	1.43
1	548068	164387488	57.28	istight1	5.28	3.83
1	559737	167887314	49.70	istight1	18.03	6.29
1	582854	174821035	50.00	istight1	2.47	17.50
1	504336	151270388	49.69	istight1	16.44	1.35
1	543111	162900756	57.81	istight1	12.01	8.63
1	556632	166956132	50.81	istight1	13.49	8.12
1	502482	150714321	70.75	istight1	3.06	9.95
1	556124	166803734	90.37	istight1	16.55	7.86
1	285744	85706002	47.76	istight1	9.45	5.84
1	400598	120155400	51.14	istight1	11.34	11.85
1	333083	99904891	62.37	istight1	14.12	16.33
1	286208	85845178	184.89	istight1	12.99	12.01
1	587426	176192358	50.40	istight1	1.97	0.27
1	587497	176213605	47.71	istight1	9.43	19.18
1	438788	131610043	50.96	istight1	6.86	2.68
1	570057	170982714	67.00	istight1	16.71	7.88
1	127933	38372116	48.57	istight1	4.52	19.11
1	68255	20472206	55.31	istight1	17.98	9.55
1	400665	120175410	59.67	istight1	15.51	18.73
1	400303	120066707	69.93	istight1	6.30	2.18
1	49834	14947187	50.11	istight1	6.41	15.18
1	44905	13468889	48.09	istight1	9.56	8.20
1	22659	6796243	54.44	istight1	15.79	13.68
1	41636	12488152	47.82	istight1	9.04	11.08
1	40997	12296664	46.27	istight1	14.07	18.13
1	23267	6978523	47.64	istight1	4.66	5.87
1	30264	9077199	46.75	istight1	16.25	15.37
1	530502	159118550	60.27	istight1	17.76	11.02
1	235919	70761365	52.35	istight1	6.76	2.72
1	274862	82441966	120.55	istight1	17.22	18.23
1	280948	84267545	57.51	istight1	2.69	7.36
1	266353	79889815	55.81	istight1	16.42	12.95
1	266356	79890666	60.64	istight1	2.64	4.87
1	427781	128308661	53.10	istight1	18.00	9.18
1	494530	148329109	53.49	istight1	2.20	2.42
1	266546	79947769	55.60	istight1	8.44	11.06
1	266691	79991153	52.51	istight1	8.02	7.37
1	272114	81617820	75.24	istight1	9.72	3.66
1	272042	81596164	52.97	istight1	18.48	6.10
1	273103	81914522	45.00	istight1	17.08	18.04
1	365627	109666069	60.95	istight1	12.35	0.02
1	264343	79287049	150.02	istight1	14.52	9.41
1	356408	106900906	73.81	istight1	16.97	16.45
1	235462	70624450	52.76	istight1	19.26	4.01
1	651781	195495076	102.09	istight1	10.02	17.81
1	61010	18299386	45.77	istight1	13.40	18.70
1	13448	4033510	53.21	istight1	17.06	13.13
1	15429	4627530	66.42	istight1	15.08	1.18
1	354821	106424822	68.41	istight1	8.62	8.84
1	9689	2905933	46.73	istight0	6.05	3.41
1	343700	103089243	49.97	istight1	7.52	8.90
1	14648	4393450	45.53	istight0	7.27	0.37
1	11827	3547350	53.94	istight1	10.58	14.48
1	14015	4203487	64.85	istight1	19.55	18.92
1	14730	4418088	47.94	istight1	17.62	17.25
1	14732	4418702	63.10	istight1	16.61	4.68
1	353485	106024244	52.60	istight1	2.28	0.84
1	443582	133047860	62.09	istight1	7.59	19.52
1	454099	136202393	64.86	istight1	5.81	13.62
1	671213	201323561	48.76	istight1	2.34	10.68
1	68636	20586462	73.04	istight1	10.41	11.80
1	662691	198767378	47.07	istight1	15.93	0.27
1	626438	187893628	107.57	istight1	19.14	14.55
1	287115	86117245	62.38	istight1	18.70	9.85
1	626665	187961906	68.06	istight1	7.79	1.49
1	628690	188569031	47.69	istight1	10.13	16.36
1	423359	126982169	47.43	istight1	12.17	1.92
1	616954	185049055	49.08	istight1	1.08	13.20
1	637649	191256202	46.46	istight1	11.80	5.42
1	443207	132935447	117.55	istight1	11.39	19.14
1	610364	183072395	49.81	istight1	10.14	19.76
1	334726	100397545	71.58	istight1	8.74	14.42
1	616141	184805205	77.91	istight1	19.00	8.25
1	371883	111542447	55.79	istight1	7.98	2.36
1	372398	111697023	55.90	istight1	11.20	17.74
1	596191	178821385	45.67	istight0	18.99	18.32
1	678045	203372730	55.44	istight1	7.73	8.24
1	248848	74639463	47.51	istight1	18.08	13.17
1	366671	109979168	80.41	istight1	12.07	9.62
1	368623	110564564	49.52	istight1	11.55	11.71
1	102032	30603457	65.25	istight1	18.73	16.36
1	80683	24199968	68.49	istight1	15.33	4.59
1	37863	11356512	64.51	istight0	4.45	13.79
1	561428	168394798	65.23	istight1	16.92	4.64
1	210758	63214694	57.62	istight1	15.39	13.60
1	76650	22990436	50.59	istight1	12.86	2.81
1	296460	88920138	46.69	istight1	12.03	11.75
1	368928	110656153	136.87	istight1	16.48	11.93
1	200520	60143703	45.77	istight1	14.11	10.64
1	310920	93257399	51.77	istight1	19.79	2.13
1	275656	82680279	54.94	istight1	5.75	2.01
1	646633	193951020	54.92	istight1	18.50	12.02
1	515159	154516726	49.35	istight1	7.58	16.36
1	293356	87989278	49.14	istight1	5.48	7.65
1	403410	120998786	62.40	istight1	8.54	5.31
1	631821	189508223	75.72	istight1	4.38	5.25
1	506325	151867023	60.57	istight1	2.43	6.89
1	506588	151946012	48.26	istight1	1.91	10.84
1	515342	154571642	55.92	istight1	8.33	8.69
1	441192	132330953	51.08	istight1	6.32	17.98
1	471420	141397659	80.30	istight1	17.91	16.68
1	285708	85695069	79.75	istight1	7.21	15.77
1	296397	88901184	76.34	istight1	11.10	1.81
1	402467	120715815	83.08	istight1	5.09	8.92
1	167381	50204088	46.68	istight1	5.81	17.94
1	154090	46217607	113.94	istight1	9.49	19.02
1	75840	22747450	101.16	istight1	16.36	17.90
1	5791	1736874	49.42	istight1	14.81	18.07
1	580842	174217757	66.42	istight1	6.70	15.96
1	1260	377961	69.34	istight1	15.84	10.73
1	438916	131648241	48.72	istight1	9.24	7.23
1	361483	108423101	61.20	istight1	15.51	7.93
1	404639	121367327	76.04	istight1	13.97	7.58
1	345192	103536827	50.02	istight1	7.03	10.14
1	421551	126439941	48.25	istight1	11.79	3.85
1	606410	181886659	50.66	istight1	12.57	16.79
1	406487	121921538	99.48	istight1	10.74	8.59
1	273128	81921943	48.47	istight1	6.04	0.02
1	264713	79397921	51.80	istight0	12.20	0.24
1	633713	190075773	62.72	istight1	9.50	15.33
1	273792	82121084	47.38	istight1	6.72	5.97
1	266605	79965305	53.25	istight1	16.66	10.76
1	271061	81301963	63.85	istight1	12.14	2.98
1	272959	81871316	47.00	istight1	10.91	1.94
1	243851	73140537	207.81	istight1	7.79	14.80
1	264505	79335493	45.87	istight1	17.38	18.76
1	264530	79343189	66.24	istight1	4.73	1.88
1	265700	79693872	57.18	istight1	9.54	12.56
1	451836	135523478	45.39	istight1	17.72	16.59
1	403925	121153110	50.40	istight1	10.19	6.02
1	451457	135409886	52.32	istight1	2.78	19.36
1	589382	176779250	55.68	istight1	18.86	8.19
1	589761	176892984	58.88	istight0	9.07	3.51
1	261262	78362868	49.15	istight1	1.03	14.25
1	373660	112075356	86.59	istight1	14.07	2.45
1	480705	144182572	51.87	istight0	17.36	1.48
1	137179	41145293	45.42	istight1	7.58	17.97
1	280616	84167931	108.73	istight1	12.57	2.71
1	403743	121098484	81.80	istight1	17.24	13.17
1	444018	133178767	61.48	istight1	6.71	19.78
1	27538	8259757	109.47	istight1	12.25	11.47
1	27231	8167489	62.82	istight1	3.39	5.07
1	436	130518	46.82	istight1	4.97	13.11
1	368442	110510451	102.15	istight1	12.80	3.59
1	56176	16849230	49.64	istight1	13.35	9.78
1	77239	23167041	126.53	istight1	5.24	9.81
1	181581	54463221	104.41	istight1	9.35	2.54
1	181582	54463748	47.23	istight1	4.83	0.31
1	70568	21166114	76.60	istight1	16.52	7.95
1	605577	181636512	59.87	istight1	16.21	15.85
1	459723	137889329	82.15	istight1	17.08	5.08
1	450354	135078907	47.34	istight0	7.91	19.90
1	273403	82004209	47.48	istight1	12.07	13.44
1	281093	84310991	49.49	istight1	3.87	8.72
1	404471	121316848	118.90	istight1	14.98	5.81
1	484796	145409699	49.67	istight1	19.24	1.23
1	138092	41419170	59.15	istight1	7.05	1.67
1	424231	127243760	81.96	istight1	15.64	0.41
1	491092	147298006	48.53	istight1	18.65	6.70
1	265522	79640504	54.34	istight1	9.84	9.41
1	271587	81459614	200.00	istight1	14.87	2.04
1	270252	81059130	52.57	istight1	18.96	8.16
1	274687	82389620	129.50	istight1	15.10	13.36
1	343602	103059890	61.81	istight1	10.57	17.91
1	260721	78200611	47.00	istight1	11.98	18.48
1	246229	73853746	53.11	istight1	11.92	0.47
1	246316	73879881	80.65	istight1	10.12	11.48
1	235722	70702301	59.84	istight1	16.54	9.53
1	623570	187033413	86.19	istight1	2.17	16.41
1	625954	187748653	67.08	istight1	11.63	4.41
1	605417	181588580	75.34	istight1	11.51	10.88
1	266110	79816885	51.94	istight1	4.22	12.95
1	271196	81342527	83.77	istight1	10.03	9.77
1	344666	103379080	46.13	istight1	16.63	5.00
1	587132	176104192	48.90	istight1	5.07	2.47
1	587107	176096603	70.02	istight1	19.19	7.26
1	579829	173913949	71.71	istight1	7.33	9.85
1	403157	120922935	49.58	istight1	3.12	1.68
1	622277	186645507	49.56	istight1	9.86	16.96
1	390515	117130942	47.20	istight1	15.47	0.93
1	217428	65215393	49.51	istight1	13.17	4.17
1	464332	139271745	76.97	istight1	9.57	4.16
1	416039	124786731	50.54	istight1	16.78	16.76
1	275739	82705134	45.00	istight1	8.43	7.73
1	267135	80124308	61.77	istight1	11.33	16.27
1	18731	5618035	100.11	istight1	4.57	5.11
1	80677	24198213	64.54	istight1	14.79	16.36
1	628265	188441705	64.82	istight1	13.56	2.65
1	14817	4444032	59.80	istight1	15.15	2.55
1	16287	4885055	54.16	istight1	15.49	18.67
1	650896	195229674	76.31	istight1	8.52	11.75
1	401544	120439133	46.29	istight0	17.00	3.14
1	137136	41132326	56.69	istight1	6.45	9.29
1	154095	46219160	46.67	istight1	14.26	11.02
1	353410	106001720	47.35	istight1	7.45	9.54
1	650566	195130578	68.94	istight1	6.85	4.30
1	651225	195328467	88.14	istight1	8.45	4.32
1	634256	190238716	52.75	istight1	9.47	18.76
1	607588	182239845	47.34	istight1	4.81	18.11
1	611683	183468140	48.60	istight1	14.88	9.63
1	8708	2611796	48.61	istight1	17.94	9.48
1	9621	2885671	63.09	istight1	9.66	18.61
1	9621	2885747	50.21	istight1	9.85	18.46
1	78367	23505176	55.32	istight1	7.52	4.48
1	353710	106091533	60.47	istight1	19.89	12.55
1	9529	2858164	61.85	istight1	15.83	3.08
1	11692	3506807	68.47	istight1	14.08	0.27
1	473761	142099835	56.65	istight1	19.29	16.36
1	522013	156572426	67.58	istight1	17.76	2.90
1	530832	159217770	48.20	istight1	6.29	1.16
1	530873	159229991	69.40	istight0	13.89	1.57
1	582477	174708098	45.37	istight1	11.16	5.31
1	582526	174722715	48.92	istight1	6.16	5.22
1	547655	164263424	54.75	istight1	13.35	4.82
1	556117	166801673	49.10	istight1	0.98	13.77
1	167244	50162929	47.20	istight1	12.11	7.28
1	181238	54360354	123.39	istight1	4.49	7.79
1	319573	95852746	51.71	istight1	8.10	11.73
1	446830	134022082	50.49	istight1	4.96	18.66
1	452081	135597059	60.28	istight1	17.80	17.56
1	463240	138944190	51.78	istight1	11.55	19.27
1	469284	140757059	45.74	istight1	12.14	16.97
1	38934	11677616	53.69	istight1	5.38	0.46
1	445385	133588544	55.37	istight1	14.97	18.47
1	449303	134763796	50.34	istight1	7.70	19.53
1	455888	136738898	64.44	istight1	0.74	8.07
1	482840	144822917	88.81	istight1	5.76	3.18
1	24504	7349671	85.60	istight1	14.54	11.56
1	504714	151383789	52.12	istight1	3.84	11.98
1	487271	146152019	98.53	istight1	14.44	3.09
1	449969	134963667	51.18	istight1	16.74	15.44
1	73208	21957945	64.36	istight1	16.49	9.65
1	321706	96492460	52.56	istight1	11.85	10.37
1	456749	136997342	66.02	istight1	8.82	12.29
1	352517	105733905	53.09	istight0	17.59	5.75
1	117352	35198561	45.49	istight1	15.97	19.30
1	321617	96465866	53.10	istight1	18.90	10.60
1	676135	202799782	63.08	istight1	19.23	2.39
1	672110	201592491	45.93	istight1	1.04	11.13
1	673733	202079390	93.18	istight1	16.33	5.84
1	449042	134685696	49.44	istight1	12.79	18.63
1	342652	102775041	65.93	istight1	4.51	14.63
1	426802	128015000	55.82	istight1	12.62	4.47
1	447191	134130421	50.77	istight1	15.62	8.23
1	338773	101611433	61.68	istight1	10.83	16.51
1	277689	83289819	58.54	istight1	14.95	14.11
1	461116	138307161	49.11	istight1	8.36	11.74
1	446056	133790064	62.74	istight1	14.45	17.52
1	321667	96480616	55.72	istight1	1.54	16.67
1	445626	133661074	77.75	istight1	8.09	7.56
1	446405	133894730	102.57	istight1	14.64	2.80
1	360522	108134744	60.23	istight1	16.35	6.90
1	404106	121207394	56.20	istight1	12.41	15.62
1	278378	83496786	49.22	istight1	17.41	19.11
1	320933	96260440	66.90	istight1	1.24	15.91
1	339097	101708514	55.86	istight1	7.51	8.83
1	353185	105934327	76.09	istight1	1.04	17.12
1	257074	77106767	47.16	istight1	1.34	12.99
1	33728	10116138	46.46	istight1	17.77	10.14
1	33869	10158667	69.84	istight1	11.65	8.69
1	446155	133819533	51.34	istight0	15.39	11.83
1	432009	129576529	53.05	istight1	4.27	16.49
1	432030	129582812	59.93	istight1	10.68	12.58
1	247539	74246865	101.18	istight1	5.52	1.88
1	272851	81838701	57.95	istight1	0.85	13.56
1	257248	77158918	51.52	istight1	19.12	10.31
1	320406	96102502	70.75	istight1	10.18	12.52
1	34256	10274796	51.69	istight1	12.65	19.15
1	39154	11743814	46.98	istight1	14.14	14.10
1	116941	35075296	52.77	istight1	17.51	0.41
1	556178	166820082	52.92	istight1	17.86	13.93
1	90375	27106898	65.16	istight1	12.13	6.83
1	90379	27108023	62.35	istight1	13.44	16.63
1	25202	7558894	80.12	istight1	4.90	7.27
1	34161	10246219	51.19	istight1	10.84	3.16
1	353300	105968728	101.03	istight1	7.09	0.91
1	479951	143956498	69.83	istight1	10.75	18.46
1	547760	164294940	46.66	istight1	3.13	19.98
1	482043	144583976	73.03	istight1	8.68	0.16
1	461370	138383250	97.13	istight0	6.47	14.94
1	461962	138560653	82.28	istight1	18.79	14.15
1	469691	140878938	50.90	istight1	8.74	6.86
1	478496	143519848	45.17	istight1	1.68	7.65
1	277498	83232503	61.99	istight1	18.15	9.38
1	25618	7683723	45.94	istight1	11.97	4.93
1	339197	101738763	69.40	istight1	12.83	7.36
1	339397	101798650	46.16	istight1	19.72	4.75
1	448430	134502085	51.99	istight1	12.51	13.91
1	655397	196579765	48.33	istight1	5.60	19.89
1	657821	197306672	97.02	istight1	2.47	14.71
1	675408	202581727	49.92	istight1	12.37	2.46
1	673968	202149715	53.27	istight1	11.74	11.50
1	497492	149217529	65.53	istight1	11.78	17.09
1	504578	151343019	57.28	istight1	9.00	5.33
1	23858	7155742	74.77	istight1	14.89	7.73
1	23979	7192109	56.79	istight1	19.74	19.59
1	456735	136993015	71.38	istight1	19.94	5.33
1	478435	143501562	75.33	istight1	18.84	16.70
1	321390	96397616	49.03	istight1	17.68	6.95
1	449346	134776864	93.83	istight1	10.33	5.02
1	675984	202754446	47.97	istight1	4.82	16.40
1	277078	83106776	64.55	istight1	5.77	2.75
1	648361	194469278	46.56	istight1	9.35	6.87
1	665742	199682583	88.46	istight0	16.53	18.83
1	25116	7533214	48.06	istight1	4.01	13.08
1	423910	127147437	135.98	istight1	16.19	16.55
1	424874	127436641	47.19	istight1	19.80	2.84
1	444629	133361801	95.21	istight1	19.52	4.48
1	674758	202386975	57.73	istight1	19.95	10.26
1	24312	7291905	53.37	istight1	16.29	12.13
1	338657	101576667	58.52	istight1	6.09	14.07
1	353269	105959476	55.74	istight1	10.37	13.93
1	107686	32299107	45.74	istight1	14.86	17.50
1	26106	7830096	51.53	istight1	8.13	2.81
1	673089	201886304	102.07	istight1	7.73	10.09
1	648283	194445981	198.83	istight1	11.19	8.01
1	107273	32175250	52.85	istight1	5.08	17.68
1	107296	32182144	45.69	istight1	6.18	15.86
1	650066	194980755	47.82	istight1	14.22	12.41
1	650122	194997403	47.72	istight1	15.21	15.01
1	24220	7264400	52.31	istight1	19.17	15.73
1	600943	180246844	74.98	istight1	2.39	15.06
1	632464	189701208	45.86	istight1	16.91	14.25
1	24859	7456099	52.22	istight1	5.78	3.93
1	24516	7353155	63.23	istight1	15.36	15.14
1	80931	24274267	60.36	istight1	14.43	2.86
1	656378	196873831	50.16	istight1	2.67	2.86
1	665906	199731835	143.87	istight1	18.89	5.79
1	647719	194276786	62.56	istight1	16.94	15.84
1	108004	32394668	82.31	istight1	10.04	3.49
1	622901	186832945	57.72	istight1	3.79	10.33
1	39607	11879508	47.84	istight1	3.55	12.62
1	647850	194315949	55.23	istight1	10.39	12.80
1	650024	194968039	57.37	istight0	7.06	1.43
1	656694	196968872	70.35	istight0	2.16	16.96
1	597078	179087591	53.64	istight1	6.89	3.53
1	648803	194601867	66.73	istight1	10.21	9.18
1	621943	186545382	75.20	istight1	10.51	0.15
1	484413	145294663	53.12	istight1	3.04	4.06
1	660020	197966366	47.52	istight1	6.13	15.47
1	676187	202815383	55.02	istight1	12.20	9.05
1	674298	202248798	63.75	istight1	10.98	4.65
1	658196	197419379	48.90	istight1	17.55	3.40
1	656308	196852969	48.10	istight1	12.50	10.33
1	591694	177472700	48.56	istight1	7.88	15.21
1	676409	202882056	52.16	istight1	2.32	5.19
1	510768	153199727	53.28	istight0	15.37	8.28
1	658119	197396131	45.90	istight1	10.34	14.78
1	658976	197653081	45.75	istight1	19.90	10.42
1	107199	32153168	64.65	istight1	13.79	17.49
1	80134	24035230	45.46	istight1	7.07	3.81
1	108113	32427274	82.92	istight1	11.99	16.99
1	440312	132066928	80.78	istight1	12.00	8.90
1	516005	154770410	60.00	istight1	13.30	8.15
1	587360	176172705	83.40	istight1	15.41	18.10
1	80029	24003865	81.10	istight1	4.58	12.39
1	648701	194571225	48.88	istight1	7.08	18.13
1	659732	197879918	67.06	istight1	16.73	13.36
1	633106	189893701	46.53	istight1	7.27	16.51
1	632420	189687838	99.20	istight1	5.49	13.68
1	632545	189725581	45.05	istight1	6.36	1.04
1	632568	189732463	65.90	istight1	3.14	15.49
1	632575	189734325	48.93	istight1	4.23	18.52
1	519878	155932277	86.67	istight1	13.76	19.22
1	675261	202537696	47.33	istight1	7.60	1.62
1	72741	21817811	63.00	istight1	9.47	13.28
1	658392	197478021	47.15	istight1	16.46	6.61
1	652060	195578641	51.77	istight1	11.75	6.95
1	657667	197260425	54.11	istight1	16.22	2.24
1	602160	180611821	77.43	istight1	14.33	7.36
1	632865	189821305	46.03	istight1	18.53	7.42
1	597802	179304569	82.43	istight1	1.43	16.22
1	521510	156421605	62.74	istight1	5.11	4.40
1	632170	189612879	111.88	istight1	11.85	11.10
1	632179	189615558	45.71	istight1	19.28	9.95
1	653417	195985962	48.25	istight1	8.71	5.33
1	515495	154617354	52.64	istight1	8.53	6.51
1	660114	197994427	69.13	istight1	18.18	16.23
1	599734	179884226	68.81	istight1	5.29	4.63
1	599804	179905278	58.52	istight1	12.92	7.28
1	675140	202501310	47.49	istight1	14.32	0.99
1	419482	125819222	80.01	istight1	10.73	14.00
1	470747	141195688	45.13	istight1	17.56	9.43
1	521018	156273916	52.26	istight1	14.07	4.92
1	586659	175962399	49.59	istight1	12.12	8.54
1	590911	177237658	47.94	istight1	6.85	11.44
1	118259	35470611	56.55	istight1	11.74	6.71
1	470788	141208108	49.38	istight1	2.93	9.36
1	633405	189983581	53.82	istight1	12.03	19.96
1	591158	177311780	47.77	istight0	7.80	12.78
1	585189	175521588	46.47	istight1	8.30	14.75
1	458421	137498704	53.55	istight1	12.87	12.18
1	600829	180212664	45.08	istight0	7.19	6.77
1	632529	189720799	45.07	istight1	5.77	10.94
1	591079	177288027	45.29	istight1	17.06	4.24
1	505998	151769004	118.46	istight1	18.57	15.20
1	501270	150350719	78.19	istight1	0.70	6.02
1	419035	125685114	49.48	istight1	4.43	11.28
1	597299	179153893	69.92	istight1	7.27	1.04
1	597878	179327384	100.15	istight1	1.43	14.30
1	444324	133270571	69.66	istight1	13.28	8.32
1	53702	16107276	50.24	istight1	17.79	4.81
1	470562	141140263	79.93	istight1	18.67	15.61
1	601327	180362025	48.63	istight1	8.67	8.39
1	565415	169590544	47.79	istight1	14.41	8.28
1	586716	175979613	48.25	istight1	3.54	12.53
1	492321	147666519	45.90	istight1	15.49	16.43
1	416171	124826108	61.44	istight1	6.28	3.15
1	441409	132396005	62.71	istight1	14.24	10.55
1	464452	139307613	134.94	istight1	18.15	15.45
1	472931	141850922	71.84	istight1	9.89	14.38
1	510370	153080308	106.74	istight1	9.50	16.61
1	666219	199825781	46.70	istight1	10.72	3.53
1	566526	169923627	46.53	istight1	18.46	1.67
1	585531	175624031	65.90	istight1	19.32	13.63
1	510922	153245939	80.67	istight1	12.56	17.68
1	591253	177340303	52.35	istight1	6.43	7.64
1	519194	155726876	54.91	istight1	15.19	5.46
1	520112	156002253	49.19	istight1	4.16	9.28
1	520545	156132212	60.28	istight1	12.92	3.71
1	472052	141587296	55.05	istight1	19.94	15.62
1	646583	193935953	70.00	istight1	17.12	11.17
1	271222	81350228	45.90	istight1	17.29	0.37
1	520160	156016780	54.54	istight1	4.01	2.82
1	415699	124684583	171.63	istight1	19.29	6.31
1	472386	141687390	47.22	istight1	16.10	4.96
1	390750	117201308	100.27	istight1	17.87	9.28
1	402455	120712258	57.54	istight1	12.13	14.00
1	520128	156006928	60.72	istight1	1.98	12.44
1	501182	150324502	58.44	istight1	18.04	19.02
1	511322	153365911	50.06	istight1	18.84	16.47
1	516413	154892746	46.87	istight1	10.52	16.20
1	472232	141641256	46.94	istight1	17.22	1.84
1	368752	110603347	52.46	istight1	1.96	8.56
1	492621	147756546	46.49	istight1	9.26	4.57
1	483344	144974145	58.52	istight1	3.37	9.41
1	286540	85944603	49.83	istight1	19.16	11.65
1	286540	85944611	66.19	istight1	16.65	0.88
1	38361	11505866	92.52	istight1	12.93	17.96
1	117393	35210807	46.05	istight1	19.97	15.30
1	504830	151418760	58.93	istight1	10.61	15.14
1	107208	32155939	53.57	istight1	17.31	14.75
1	107182	32148113	78.51	istight1	19.42	17.13
1	34039	10209558	69.56	istight1	13.46	18.20
1	25917	7773331	69.99	istight1	14.47	0.48
1	26191	7855732	51.16	istight1	16.79	12.11
1	488262	146449384	52.45	istight1	5.18	1.06
1	34264	10276927	49.72	istight1	17.20	1.06
1	32062	9616560	60.33	istight1	4.33	4.61
1	278324	83480584	46.56	istight1	15.05	0.54
1	24519	7354112	59.40	istight1	19.54	1.71
1	675521	202615631	48.67	istight1	6.37	9.80
1	597550	179229028	53.38	istight1	8.20	8.42
1	543560	163035237	55.03	istight1	8.51	6.15
1	586339	175866590	46.37	istight1	2.38	17.95
1	32665	9797539	52.45	istight1	14.70	0.76
1	33547	10062088	86.91	istight1	14.08	10.49
1	668717	200574994	52.73	istight1	11.23	4.33
1	669948	200944076	45.45	istight1	0.53	6.61
1	610750	183188129	74.15	istight1	9.51	10.81
1	611724	183480479	52.58	istight1	5.32	19.13
1	434200	130233948	53.78	istight1	1.92	11.87
1	434295	130262321	45.58	istight1	3.50	18.97
1	442433	132703157	47.72	istight1	7.72	12.66
1	626846	188016190	98.31	istight1	9.37	13.63
1	350375	105091393	45.77	istight1	9.92	7.65
1	372444	111710877	47.67	istight1	11.90	19.60
1	431372	129385595	49.89	istight1	15.96	11.32
1	442323	132670136	72.88	istight1	14.73	11.59
1	643742	193083730	55.86	istight1	17.59	19.95
1	654203	196221407	107.66	istight1	19.80	0.70
1	633863	190120616	64.46	istight0	11.84	18.36
1	633910	190134969	54.06	istight1	14.18	8.90
1	655111	196493968	47.10	istight1	14.13	13.64
1	662742	198782675	53.85	istight1	6.51	12.91
1	650756	195187756	76.03	istight1	3.38	17.52
1	651088	195287302	47.61	istight1	5.80	0.70
1	607715	182277936	46.56	istight1	8.09	2.95
1	532064	159587119	62.62	istight1	15.06	19.30
1	534026	160175704	52.80	istight1	12.07	13.82
1	548960	164654863	45.20	istight1	2.72	1.94
1	527044	158081354	54.98	istight1	6.46	2.65
1	613417	183988370	61.93	istight1	16.30	17.24
1	561864	168525417	80.10	istight1	13.36	9.23
1	524027	157176443	49.64	istight1	5.50	12.25
1	655058	196478197	87.61	istight1	1.90	15.54
1	671514	201413869	47.34	istight1	1.01	5.13
1	176743	53012228	51.10	istight1	3.86	19.17
1	561791	168503586	49.17	istight1	14.47	11.18
1	499516	149824845	45.70	istight1	15.30	17.14
1	490346	147074256	61.58	istight1	14.98	19.24
1	344766	103409121	51.81	istight1	4.62	19.46
1	405558	121642805	55.04	istight1	10.23	15.66
1	458556	137539126	60.47	istight1	12.64	8.54
1	443532	133032985	59.82	istight1	12.68	13.61
1	483433	145000880	45.57	istight1	14.14	14.29
1	483435	145001369	77.71	istight1	1.93	15.13
1	517605	155250390	55.31	istight1	7.63	8.50
1	603495	181012156	54.58	istight1	17.26	19.47
1	81568	24465515	51.42	istight1	13.97	19.98
1	27090	8125340	78.65	istight1	3.02	11.56
1	36014	10801892	54.34	istight1	4.69	7.15
1	50789	15233671	59.71	istight1	12.93	11.54
1	563714	169080383	53.97	istight1	14.79	19.27
1	19768	5929271	87.68	istight1	4.19	19.91
1	153995	46189119	46.45	istight1	1.52	11.55
1	167159	50137652	49.14	istight1	2.57	0.85
1	170421	51115987	65.79	istight1	4.44	18.81
1	483953	145156825	45.03	istight1	11.67	10.24
1	279109	83715844	75.66	istight1	0.87	12.93
1	55632	16686129	47.50	istight1	17.85	10.73
1	677706	203271182	51.91	istight1	14.65	2.96
1	38	11328	46.47	istight1	9.74	8.08
1	440763	132202416	60.98	istight1	13.35	19.80
1	87496	26243464	46.48	istight1	9.73	10.56
1	89673	26896342	64.90	istight1	7.93	2.19
1	295855	88738794	57.24	istight1	16.77	12.57
1	21782	6533155	49.16	istight1	10.78	11.82
1	365415	109602477	56.28	istight0	1.70	10.57
1	62608	18778597	55.00	istight1	7.17	6.82
1	71294	21383708	46.99	istight1	8.91	14.58
1	27065	8117774	56.68	istight1	10.18	8.62
1	3072	921448	51.30	istight1	15.32	8.16
1	4251	1274833	62.73	istight1	7.02	12.68
1	591988	177560804	54.83	istight1	4.37	1.34
1	622748	186787017	48.98	istight1	11.29	0.05
1	575950	172750497	61.14	istight1	13.21	10.47
1	37989	11394485	53.89	istight1	19.20	9.53
1	29777	8931129	49.24	istight1	6.80	0.62
1	532387	159683938	48.66	istight1	19.13	1.02
1	581039	174276889	46.29	istight1	19.33	12.23
1	512991	153866521	110.89	istight1	4.82	17.16
1	45642	13689854	61.38	istight1	12.68	2.56
1	53560	16064687	57.23	istight1	11.31	13.10
1	653902	196131329	50.59	istight1	1.33	6.84
1	475588	142647639	47.64	istight1	6.87	19.49
1	475689	142678164	45.10	istight0	12.19	9.11
1	568209	170428474	51.25	istight1	15.58	0.39
1	10006	3000940	55.49	istight1	17.19	9.06
1	17806	5340689	86.76	istight1	8.04	19.74
1	481515	144425612	61.55	istight1	6.39	1.36
1	524688	157374824	53.03	istight1	18.82	10.36
1	535810	160710829	61.37	istight1	11.40	3.06
1	562446	168700005	70.77	istight1	9.49	3.32
1	41401	12417845	73.85	istight1	10.11	15.84
1	72775	21827977	48.74	istight1	18.34	10.35
1	218822	65633400	47.90	istight1	14.06	3.43
1	53095	15925188	45.75	istight1	17.02	17.87
1	44944	13480543	90.85	istight1	2.61	14.96
1	51876	15559522	50.94	istight1	10.29	14.96
1	576145	172808761	87.57	istight1	2.04	19.72
1	249063	74703870	50.86	istight1	12.74	10.93
1	45758	13724683	67.93	istight1	6.90	13.87
1	19391	5816078	76.13	istight1	14.29	0.06
1	72082	21620266	56.50	istight1	14.90	16.58
1	629777	188895105	45.98	istight1	17.11	15.65
1	366337	109879065	59.68	istight1	14.59	17.16
1	629431	188791518	59.15	istight1	5.64	8.76
1	379316	113771882	75.14	istight1	15.70	9.30
1	87112	26128132	54.11	istight1	11.62	5.51
1	87604	26275897	116.58	istight1	17.15	5.90
1	47821	14343211	55.49	istight1	12.25	10.06
1	52515	15751161	61.07	istight0	12.42	11.49
1	43707	13109394	49.55	istight1	18.72	0.70
1	249297	74773978	66.16	istight1	11.54	7.20
1	262631	78773548	61.65	istight1	11.73	2.79
1	365270	109558989	71.06	istight1	13.95	12.58
1	365418	109603480	51.46	istight1	1.74	8.06
1	400735	120196450	61.43	istight1	11.74	4.89
1	613445	183996603	50.70	istight1	8.19	4.55
1	526607	157950376	60.48	istight1	9.18	18.29
1	49009	14699684	70.04	istight1	10.33	7.63
1	626628	187950893	48.70	istight1	18.15	1.99
1	634549	190326617	59.62	istight1	9.58	8.47
1	430934	129254312	45.84	istight1	11.62	14.25
1	611783	183498216	50.00	istight1	5.39	4.12
1	651679	195464692	50.80	istight1	8.04	19.21
1	639033	191671413	46.12	istight0	16.93	18.57
1	644196	193220017	83.17	istight1	6.34	16.11
1	653834	196110968	48.94	istight1	3.21	17.74
1	553889	166133268	47.60	istight1	3.59	6.39
1	574293	172253310	49.75	istight1	16.83	19.86
1	66773	20027707	53.15	istight1	6.41	4.94
1	541150	162312387	60.19	istight1	17.18	3.30
1	568583	170540708	84.08	istight1	6.23	19.56
1	569487	170811946	49.88	istight1	7.25	4.52
1	55134	16536646	45.66	istight1	5.66	1.14
1	55202	16557067	58.94	istight1	2.95	18.93
1	56465	16936043	48.73	istight0	9.04	5.98
1	36665	10997316	65.64	istight1	13.24	14.17
1	45640	13689131	51.63	istight1	10.79	8.31
1	41120	12333479	80.87	istight1	14.78	16.36
1	612750	183788035	46.71	istight1	5.68	17.21
1	581174	174317213	69.17	istight1	1.28	4.79
1	581088	174291362	56.07	istight1	19.49	4.92
1	572397	171684699	51.92	istight1	13.68	10.34
1	573358	171972867	55.16	istight0	4.87	15.94
1	551137	165307872	50.96	istight1	3.81	7.20
1	43661	13095606	68.06	istight1	8.25	11.82
1	572179	171619266	46.72	istight1	19.33	15.95
1	572189	171622263	45.37	istight1	7.67	14.73
1	474580	142345597	46.31	istight1	10.50	7.83
1	22432	6728003	48.97	istight1	16.36	7.97
1	29474	8840325	47.11	istight1	16.58	2.56
1	584588	175341166	45.55	istight1	19.66	16.15
1	537023	161074696	60.31	istight1	5.02	1.72
1	427893	128342007	95.64	istight1	9.64	8.32
1	525467	157608512	140.30	istight1	4.56	8.48
1	473769	142102175	107.99	istight1	12.07	18.85
1	474897	142440472	49.69	istight1	4.26	6.77
1	522942	156851187	72.84	istight1	5.69	18.34
1	10440	3131218	54.34	istight1	9.08	16.70
1	10459	3137063	52.16	istight1	14.41	12.16
1	540670	162168380	57.74	istight1	15.12	15.74
1	567511	170219181	179.04	istight1	7.31	0.32
1	650330	195059900	45.88	istight1	7.32	19.49
1	563176	168919073	45.13	istight1	16.03	15.29
1	567576	170238769	61.98	istight1	17.20	18.02
1	583769	175095508	58.07	istight1	7.22	16.26
1	538056	161384463	56.37	istight1	18.55	10.55
1	356218	106844081	56.20	istight1	13.05	10.33
1	570088	170992154	62.86	istight1	15.82	13.23
1	56263	16875531	52.15	istight1	11.94	14.45
1	568059	170383404	48.56	istight1	1.46	7.50
1	568513	170519712	56.16	istight1	4.42	5.81
1	569607	170847852	52.45	istight1	13.82	13.85
1	550968	165257192	126.21	istight1	16.36	12.42
1	551064	165286027	81.13	istight1	7.06	18.34
1	552188	165623300	64.47	istight0	10.98	5.98
1	563125	168903723	60.79	istight1	3.39	13.96
1	593460	178002219	45.90	istight1	5.94	6.12
1	611839	183514851	46.92	istight1	6.17	5.72
1	10599	3178847	46.87	istight1	12.43	12.58
1	329634	98870277	54.70	istight1	17.19	13.07
1	567339	170167410	105.15	istight1	9.32	10.17
1	553161	165914922	64.78	istight1	18.34	15.20
1	355874	106740696	49.35	istight1	9.64	14.12
1	494873	148432052	52.44	istight1	19.53	4.37
1	527830	158317258	72.35	istight1	15.38	18.77
1	550170	165017816	54.99	istight1	16.02	2.63
1	551443	165399640	47.21	istight1	9.15	11.45
1	535865	160727367	46.15	istight1	19.07	9.33
1	517333	155168680	49.81	istight1	9.19	11.64
1	533558	160035240	45.45	istight1	18.03	11.78
1	536585	160943358	50.99	istight1	13.36	11.03
1	523643	157061380	61.65	istight1	19.14	11.09
1	551001	165267066	69.42	istight1	10.17	4.77
1	548788	164603254	59.25	istight1	6.80	14.83
1	549645	164860466	45.62	istight1	1.10	12.38
1	567865	170325421	50.47	istight1	15.37	2.70
1	572048	171579903	47.32	istight1	11.84	11.49
1	552553	165732598	49.84	istight1	17.34	19.71
1	545595	163645683	124.68	istight1	18.51	10.22
1	545651	163662560	50.25	istight1	13.00	17.76
1	550376	165079561	88.20	istight1	5.90	9.44
1	539296	161756464	47.16	istight1	9.38	11.96
1	526736	157989013	57.86	istight1	12.74	2.53
1	548620	164552809	70.14	istight1	8.58	11.34
1	548626	164554606	74.19	istight0	14.65	8.61
1	421453	126410630	55.53	istight1	2.57	3.31
1	534095	160196464	50.74	istight1	5.32	7.05
1	537095	161096194	58.01	istight1	13.91	9.87
1	553666	166066522	50.96	istight1	3.12	9.94
1	522436	156699237	64.63	istight1	18.20	16.96
1	523954	157154718	57.46	istight1	11.08	1.46
1	524046	157182398	55.34	istight1	13.77	11.13
1	532787	159804010	50.92	istight1	3.17	6.33
1	540371	162078878	45.89	istight1	6.74	8.33
1	541351	162372606	102.29	istight1	6.43	13.17
1	540756	162194216	121.25	istight1	9.86	10.10
1	52012	15600468	60.65	istight1	4.46	9.69
1	533777	160100953	56.80	istight1	5.41	3.18
1	154221	46256868	46.28	istight1	3.58	1.34
1	48344	14500141	57.30	istight1	19.40	13.73
1	532679	159771749	45.58	istight1	13.89	15.13
1	567040	170077786	80.48	istight1	2.08	3.51
1	593134	177904548	70.30	istight1	15.64	2.39
1	509675	152871776	151.23	istight1	3.33	5.83
1	521857	156525526	57.51	istight1	10.74	8.31
1	548742	164589541	56.44	istight1	0.36	7.14
1	374557	112344452	51.53	istight1	13.75	18.36
1	480524	144128181	49.41	istight1	12.72	5.70
1	538442	161500118	51.29	istight1	9.97	18.66
1	527188	158124790	64.22	istight1	19.63	16.75
1	530486	159113883	59.14	istight1	12.99	12.94
1	516989	155065407	45.36	istight1	13.61	12.31
1	495120	148506292	55.67	istight1	2.70	10.43
1	524423	157295391	50.83	istight1	19.45	3.07
1	532274	159650261	56.92	istight1	6.64	9.92
1	421523	126431686	61.52	istight1	19.66	12.00
1	451926	135550500	47.25	istight1	3.05	16.42
1	490517	147125495	48.10	istight1	13.74	5.18
1	444186	133229004	55.82	istight1	17.10	15.96
1	680531	204118458	57.43	istight1	13.08	14.50
1	593745	178087610	49.58	istight1	6.16	8.90
1	566896	170034618	47.74	istight1	14.22	11.07
1	574145	172208928	63.77	istight1	14.39	0.22
1	592825	177811873	57.35	istight1	15.14	0.42
1	549332	164766453	56.83	istight1	9.28	4.10
1	533742	160090571	51.47	istight1	18.27	7.19
1	475166	142521256	50.97	istight1	1.16	12.96
1	453323	135969676	62.35	istight1	4.37	2.47
1	594115	178198668	56.24	istight1	15.24	0.45
1	680164	204008201	51.61	istight1	18.55	9.20
1	549150	164711930	78.02	istight1	14.16	5.09
1	523020	156874625	49.63	istight1	3.77	11.69
1	594861	178422672	57.32	istight1	5.14	11.09
1	443765	133102733	65.46	istight1	4.56	8.30
1	590011	176967732	46.15	istight1	5.03	16.78
1	474602	142352014	57.91	istight1	12.80	17.09
1	522177	156621592	53.50	istight1	17.85	7.01
1	367185	110133357	81.48	istight1	18.14	5.34
1	636010	190764633	55.07	istight1	3.62	11.76
1	425081	127498682	47.64	istight1	2.24	3.95
1	444928	133451580	46.51	istight1	1.67	13.40
1	512651	153764355	57.25	istight1	19.82	12.54
1	512654	153765260	51.22	istight1	2.04	18.86
1	427433	128204005	53.08	istight1	15.65	14.87
1	534836	160418669	48.96	istight1	15.27	18.95
1	549269	164747551	52.15	istight1	14.43	2.93
1	569109	170698541	53.38	istight1	13.47	13.45
1	321746	96504298	54.39	istight1	7.80	15.50
1	310456	93118073	56.74	istight1	12.58	16.78
1	261871	78545464	51.60	istight1	12.06	14.13
1	605487	181609551	46.35	istight1	7.19	14.95
1	436586	130949597	72.83	istight1	10.78	0.16
1	260831	78233673	51.55	istight1	5.45	16.88
1	435796	130712454	51.10	istight1	7.22	17.03
1	263005	78885750	73.91	istight1	5.13	0.06
1	242474	72727685	60.46	istight1	16.38	9.28
1	243584	73060583	46.37	istight1	16.40	14.15
1	243612	73068718	48.25	istight1	14.96	0.60
1	244926	73463146	146.43	istight1	10.03	7.36
1	63771	19127326	45.91	istight1	3.68	1.07
1	238884	71650846	46.73	istight1	7.17	17.58
1	260109	78017067	47.25	istight1	9.74	7.48
1	177852	53344732	46.78	istight1	6.67	8.69
1	249889	74951542	48.64	istight1	7.92	16.46
1	278520	83539027	51.46	istight1	16.76	3.61
1	278859	83640776	78.43	istight1	19.20	13.46
1	61144	18339505	116.40	istight1	14.19	10.58
1	523649	157063039	75.18	istight1	16.15	18.76
1	423882	127139105	60.52	istight1	18.54	10.96
1	474955	142457889	64.66	istight1	15.35	9.02
1	344860	103437184	61.23	istight1	10.84	13.73
1	374608	112359970	60.60	istight1	16.65	11.24
1	400202	120036393	48.31	istight1	18.07	18.29
1	322302	96671248	79.49	istight1	15.93	10.23
1	509517	152824569	47.59	istight1	13.44	3.22
1	526417	157893360	52.88	istight1	6.52	16.54
1	481318	144366562	68.31	istight1	18.02	2.81
1	498806	149611642	49.57	istight1	7.86	4.40
1	474393	142289474	55.38	istight1	5.89	9.30
1	374509	112330210	51.95	istight1	14.37	16.58
1	240026	71993457	62.72	istight1	9.00	8.99
1	238695	71593918	211.28	istight1	16.49	15.03
1	427806	128316195	57.36	istight1	19.23	19.20
1	9125	2736888	45.35	istight1	8.83	9.87
1	14016	4203987	49.04	istight1	2.97	12.58
1	490735	147190893	63.33	istight1	14.77	6.07
1	405354	121581842	50.83	istight1	11.94	11.18
1	424615	127358804	49.21	istight1	9.33	12.26
1	8622	2585919	60.29	istight1	10.54	13.53
1	273651	82078694	81.84	istight1	11.25	14.62
1	522168	156618817	67.23	istight1	18.66	2.28
1	474776	142404317	60.03	istight1	14.01	18.48
1	480349	144075652	52.75	istight1	0.89	13.62
1	480562	144139711	45.11	istight1	9.57	7.34
1	523838	157119739	49.57	istight1	14.13	15.40
1	523855	157125023	77.31	istight1	15.35	10.27
1	451554	135438992	108.44	istight1	12.99	7.55
1	235986	70781646	79.95	istight1	19.93	7.71
1	238918	71660932	70.71	istight1	8.80	12.98
1	240792	72223076	52.32	istight1	15.88	11.13
1	21602	6479391	50.83	istight1	18.61	3.05
1	605387	181579627	46.89	istight1	6.56	6.75
1	619768	185893196	53.28	istight1	10.83	9.23
1	495240	148542244	60.15	istight1	5.35	15.81
1	617841	185315155	62.27	istight1	7.22	9.26
1	12134	3639318	57.31	istight1	8.86	11.63
1	20539	6160285	56.53	istight1	3.76	3.86
1	420492	126122297	62.33	istight1	12.62	9.38
1	37926	11375308	86.44	istight1	14.30	12.82
1	564251	169241435	101.25	istight1	10.62	13.42
1	237830	71334741	65.72	istight1	11.69	14.22
1	91334	27394733	53.73	istight1	7.78	18.11
1	373068	111897904	46.25	istight1	16.14	5.17
1	91193	27352252	55.71	istight1	13.89	19.68
1	197964	59377168	66.39	istight1	18.12	6.00
1	81369	24405722	58.84	istight1	9.81	19.79
1	595972	178755779	47.23	istight1	14.11	4.42
1	668889	200626370	47.26	istight1	14.32	0.97
1	771	231172	48.26	istight1	14.26	18.35
1	18411	5521960	52.03	istight1	17.82	19.37
1	603374	180975958	71.71	istight1	10.71	2.58
1	675913	202733334	49.17	istight1	5.11	1.68
1	375401	112597727	51.01	istight1	18.54	9.55
1	556811	167009651	52.67	istight0	0.52	9.60
1	59955	17982815	48.59	istight1	9.66	0.65
1	18494	5546846	51.88	istight1	12.38	13.71
1	564022	169172597	55.44	istight1	12.15	5.87
1	50527	15154899	68.88	istight1	12.91	2.26
1	80534	24155250	50.91	istight1	15.67	11.57
1	365769	109708734	50.79	istight1	18.11	9.89
1	26915	8072729	129.66	istight1	4.33	18.74
1	564190	169222927	58.80	istight1	9.01	5.13
1	369458	110815150	63.09	istight1	6.36	6.82
1	638762	191590164	58.08	istight1	9.25	14.42
1	211413	63411174	46.88	istight1	16.13	2.72
1	68746	20619500	47.85	istight1	11.10	13.44
1	79561	23863527	47.69	istight1	12.59	18.85
1	240881	72249687	46.75	istight1	7.15	11.00
