203912	122	156483933	35.11	0.00	1	0.00	-99.00	25.08	58.14
203912	122	156789269	41.20	68.50	0	0.00	-99.00	26.46	4.53
203912	122	156821805	114.47	336.55	1	0.00	-99.00	64.88	32.21
203912	122	157549485	34.26	0.00	1	0.00	-99.00	31.08	3.64
203912	122	156552710	50.31	41.07	1	0.00	-99.00	11.11	28.44
203912	122	157055270	22.40	0.00	1	0.00	-99.00	33.93	47.79
203912	122	157075014	21.13	0.00	0	0.00	-99.00	16.32	34.27
203912	122	157547014	21.44	0.00	1	0.00	-99.00	27.01	37.57
203912	122	157535422	29.40	47.01	1	0.00	-99.00	42.72	12.86
203912	122	157074486	44.18	0.00	1	0.00	-99.00	28.88	32.72
203912	122	157214206	32.63	82.65	1	0.00	-99.00	16.68	44.79
203912	122	156403868	55.15	0.00	1	0.00	-99.00	21.75	19.88
203912	122	156384036	35.14	0.00	1	0.00	-99.00	85.20	109.07
203912	122	156560052	36.29	129.67	1	0.00	-99.00	129.14	90.79
203912	122	156859956	27.11	103.77	1	0.00	-99.00	27.91	29.82
203912	122	157315524	35.48	0.00	1	0.00	-99.00	21.63	30.87
203912	122	157592172	35.20	0.00	1	0.00	-99.00	40.46	71.63
203912	122	156519506	44.87	41.70	1	0.00	-99.00	31.55	75.05
203912	122	156628682	69.79	107.85	1	0.00	-99.00	22.05	31.22
203912	122	157015602	25.10	0.00	1	0.00	-99.00	16.35	18.91
203912	122	157117842	27.97	57.89	0	0.00	-99.00	4.73	9.93
203912	122	157136282	26.47	0.00	1	0.00	-99.00	17.09	11.00
203912	122	156654347	31.82	43.57	1	0.00	-99.00	25.22	16.88
203912	122	157057323	37.02	70.99	1	0.00	-99.00	21.15	51.50
203912	122	157078155	82.14	83.25	1	0.00	-99.00	31.43	53.09
203912	122	157557403	34.49	103.18	1	0.00	-99.00	86.33	90.72
203912	122	156608720	45.03	49.98	1	0.00	-99.00	27.32	62.73
203912	122	156744864	31.14	0.00	1	0.00	-99.00	17.71	18.18
203912	122	157411760	59.58	109.99	0	0.00	-99.00	30.68	8.33
203912	122	156522284	23.24	0.00	1	0.00	-99.00	38.14	54.30
203912	122	156940052	48.36	0.00	1	0.00	-99.00	30.70	72.70
203912	122	156972804	32.48	0.00	1	0.00	-99.00	33.83	62.47
203912	122	157117028	38.00	49.63	1	0.00	-99.00	56.53	92.69
203912	122	157273444	26.26	46.99	1	0.00	-99.00	15.10	17.83
203912	122	157261372	38.39	71.41	0	0.00	-99.00	46.76	22.36
203912	122	157287668	38.55	0.00	1	0.00	-99.00	58.52	94.72
203912	122	156482101	43.35	0.00	1	0.00	-99.00	41.11	83.51
203912	122	156633701	29.04	0.00	0	0.00	-99.00	18.93	28.84
203912	122	156865573	41.16	55.42	1	0.00	-99.00	57.98	84.65
203912	122	156958253	56.40	121.03	0	0.00	-99.00	34.15	30.89
203912	122	157324429	51.35	0.00	1	0.00	-99.00	54.28	84.02
203912	122	157607445	33.40	44.23	1	0.00	-99.00	14.59	36.32
203912	122	156726048	40.13	44.36	1	0.00	-99.00	44.71	77.25
203912	122	156460066	39.13	0.00	1	0.00	-99.00	15.01	34.28
203912	122	156804346	33.76	0.00	1	0.00	-99.00	34.09	67.85
203912	122	157001154	38.98	0.00	1	0.00	-99.00	15.83	43.24
203912	122	157015546	28.54	58.38	0	0.00	-99.00	20.55	23.41
203912	122	157084978	37.72	55.65	0	0.00	-99.00	28.80	9.23
203912	122	156651483	38.46	0.00	1	0.00	-99.00	25.31	43.88
203912	122	156441863	29.34	0.00	1	0.00	-99.00	43.27	66.46
203912	122	156510815	118.26	115.64	1	0.00	-99.00	29.35	95.74
203912	122	157053271	59.49	42.38	1	0.00	-99.00	33.80	16.35
203912	122	157086743	42.29	50.45	1	0.00	-99.00	12.53	36.86
203912	122	157379687	80.44	95.72	1	0.00	-99.00	15.52	70.35
203912	122	157589271	32.69	0.00	1	0.00	-99.00	24.13	38.63
203912	122	156599457	47.73	0.00	1	0.00	-99.00	13.09	42.62
203912	122	156743353	34.61	44.25	0	0.00	-99.00	10.26	33.21
203912	122	156632585	41.49	0.00	1	0.00	-99.00	21.38	53.16
203912	122	156914505	121.22	90.72	1	0.00	-99.00	10.61	22.98
203912	122	156596183	36.40	40.17	0	0.00	-99.00	40.97	61.90
203912	122	156604359	67.07	97.03	0	0.00	-99.00	15.98	47.97
203912	122	157295615	33.84	0.00	1	0.00	-99.00	41.22	55.25
203912	122	157343655	23.53	0.00	1	0.00	-99.00	27.38	33.94
203912	122	157427871	20.18	42.39	1	0.00	-99.00	16.20	36.14
203912	122	157376511	52.54	59.03	0	0.00	-99.00	56.99	105.45
203912	122	156931561	36.73	50.31	1	0.00	-99.00	17.44	18.75
203912	122	157444897	22.64	0.00	1	0.00	-99.00	21.96	41.84
203912	122	157477969	46.04	44.70	1	0.00	-99.00	3.85	26.15
203912	122	157534113	38.71	40.22	1	0.00	-99.00	41.28	45.80
203912	123	158200940	81.67	56.47	1	0.00	-99.00	20.78	19.52
203912	123	157667336	25.51	0.00	1	0.00	-99.00	16.67	37.11
203912	123	157839624	22.18	0.00	1	0.00	-99.00	13.39	25.40
203912	123	158157520	43.83	0.00	1	0.00	-99.00	67.60	46.31
203912	123	158213608	44.45	0.00	1	0.00	-99.00	18.83	39.51
203912	123	158360840	50.04	63.53	0	0.00	-99.00	13.45	49.83
203912	123	158529640	29.87	122.14	0	0.00	-99.00	15.94	17.18
203912	123	158667584	134.08	144.69	1	0.00	-99.00	3.58	43.84
203912	123	157799635	62.32	55.58	1	0.00	-99.00	18.97	68.77
203912	123	157824451	91.52	56.44	1	0.00	-99.00	6.48	35.31
203912	123	157773622	35.07	0.00	1	0.00	-99.00	60.50	89.45
203912	123	158418982	56.21	0.00	1	0.00	-99.00	11.96	51.56
203912	123	158593662	56.76	0.00	0	0.00	-99.00	25.37	69.80
203912	123	157750381	45.99	0.00	0	0.00	-99.00	15.84	33.21
203912	123	157968429	45.36	0.00	1	0.00	-99.00	10.07	6.05
203912	123	158061269	40.79	0.00	1	0.00	-99.00	14.70	2.22
203912	123	158099949	32.97	0.00	1	0.00	-99.00	3.66	21.88
203912	123	158471245	53.85	0.00	1	0.00	-99.00	19.91	21.56
203912	123	157989630	57.24	0.00	1	0.00	-99.00	18.98	29.60
203912	123	158393958	37.50	0.00	1	0.00	-99.00	31.21	65.76
203912	123	158758542	26.22	0.00	0	0.00	-99.00	22.84	29.10
203912	123	158741998	30.12	0.00	1	0.00	-99.00	20.75	49.96
203912	123	157664741	44.11	0.00	0	0.00	-99.00	31.57	28.63
203912	123	158014581	33.62	0.00	1	0.00	-99.00	19.21	42.47
203912	123	158108957	46.00	43.13	1	0.00	-99.00	36.98	62.59
203912	123	158346605	29.91	0.00	1	0.00	-99.00	28.94	44.45
203912	123	158810021	50.83	119.41	0	0.00	-99.00	44.98	1.16
203912	123	158111823	37.48	0.00	0	0.00	-99.00	26.41	62.86
203912	123	158376479	39.26	53.96	1	0.00	-99.00	44.79	46.71
203912	123	158489487	25.57	0.00	0	0.00	-99.00	3.59	15.09
203912	123	158720815	21.77	0.00	1	0.00	-99.00	3.25	2.36
203912	123	157957810	48.77	0.00	1	0.00	-99.00	22.40	65.47
203912	123	158705474	67.27	88.19	0	0.00	-99.00	9.98	44.43
203912	123	157991505	29.84	0.00	1	0.00	-99.00	41.80	69.98
203912	123	158236601	22.34	0.00	1	0.00	-99.00	6.96	24.68
203912	123	158555257	30.43	0.00	0	0.00	-99.00	21.17	42.49
203912	123	158536273	46.49	0.00	1	0.00	-99.00	48.18	91.29
203912	123	158071513	29.94	0.00	1	0.00	-99.00	12.89	24.90
203912	123	158108145	36.68	0.00	1	0.00	-99.00	46.09	70.91
203912	123	158200657	21.84	41.81	1	0.00	-99.00	32.78	22.35
203912	123	158590793	31.91	60.74	0	0.00	-99.00	35.34	56.07
203912	123	158687961	30.10	0.00	0	0.00	-99.00	26.46	54.57
203912	123	157944195	34.82	0.00	1	0.00	-99.00	22.76	56.09
203912	123	158230515	26.47	0.00	1	0.00	-99.00	7.22	27.64
203912	123	157688719	36.58	0.00	0	0.00	-99.00	21.58	4.36
203912	123	157856319	45.44	0.00	1	0.00	-99.00	18.04	56.08
203912	123	158676159	27.73	0.00	1	0.00	-99.00	14.81	40.53
203912	123	158206874	44.56	77.64	1	0.00	-99.00	15.41	46.16
203912	123	158579626	34.35	0.00	1	0.00	-99.00	16.06	46.12
203912	123	157953376	23.55	0.00	0	0.00	-99.00	24.69	47.62
203912	123	158298248	52.82	0.00	1	0.00	-99.00	26.36	70.76
203912	123	158376888	96.17	57.97	1	0.00	-99.00	11.89	1.38
203912	123	158522808	61.63	0.00	0	0.00	-99.00	21.96	69.48
203912	123	158634672	35.55	0.00	1	0.00	-99.00	21.16	50.67
203912	123	158773512	55.28	59.91	1	0.00	-99.00	61.12	103.30
203912	123	158799472	35.80	0.00	1	0.00	-99.00	10.69	25.03
203912	123	158683164	23.99	40.98	0	0.00	-99.00	16.42	11.21
203912	124	159683797	54.20	60.72	1	0.00	-99.00	23.23	50.98
203912	124	159768101	56.39	58.84	1	0.00	-99.00	26.57	72.97
203912	124	160008213	23.48	0.00	1	0.00	-99.00	38.43	9.78
203912	124	159002111	44.95	75.78	1	0.00	-99.00	52.86	51.75
203912	124	159087471	34.12	0.00	1	0.00	-99.00	9.36	8.71
203912	124	159219111	34.74	42.53	1	0.00	-99.00	37.28	58.95
203912	124	159737791	30.56	0.00	1	0.00	-99.00	21.38	46.14
203912	124	158844282	41.38	41.80	1	0.00	-99.00	26.68	50.48
203912	124	159606626	96.16	68.19	0	0.00	-99.00	27.22	97.17
203912	124	159015376	38.53	0.00	1	0.00	-99.00	3.71	22.98
203912	124	159220552	44.23	54.96	1	0.00	-99.00	7.08	14.82
203912	124	159828600	40.70	0.00	1	0.00	-99.00	48.96	9.20
203912	124	159187109	268.37	231.93	1	0.00	-99.00	90.85	85.71
203912	124	159415996	31.01	0.00	1	0.00	-99.00	41.02	4.22
203912	124	159827356	44.46	0.00	1	0.00	-99.00	10.31	42.49
203912	124	158840007	30.12	0.00	1	0.00	-99.00	33.75	62.85
203912	124	158836631	64.30	0.00	1	0.00	-99.00	43.96	104.13
203912	124	159448263	39.29	0.00	0	0.00	-99.00	5.08	11.20
203912	124	159763319	48.73	62.80	1	0.00	-99.00	20.84	43.55
203912	124	159940079	28.15	0.00	1	0.00	-99.00	48.13	73.60
203912	124	158964147	28.19	0.00	0	0.00	-99.00	9.67	19.89
203912	124	159304939	52.86	55.99	0	0.00	-99.00	16.65	55.08
203912	124	159407243	27.57	0.00	1	0.00	-99.00	12.78	37.38
203912	124	159510403	32.41	0.00	1	0.00	-99.00	33.38	65.77
203912	124	159870059	74.60	88.20	0	0.00	-99.00	16.36	68.94
203912	124	159857851	21.79	55.95	1	0.00	-99.00	27.03	44.02
203912	124	160022291	32.08	0.00	0	0.00	-99.00	2.27	15.84
203912	124	158916304	48.10	0.00	1	0.00	-99.00	19.51	23.99
203912	124	159762960	32.72	0.00	1	0.00	-99.00	65.42	41.18
203912	124	159911056	25.81	41.79	1	0.00	-99.00	25.74	47.66
203912	124	158903721	39.97	50.84	1	0.00	-99.00	36.16	69.37
203912	124	158843161	58.92	0.00	0	0.00	-99.00	31.04	85.50
203912	124	159039001	37.13	0.00	1	0.00	-99.00	49.50	62.23
203912	124	159232473	42.25	0.00	1	0.00	-99.00	21.92	26.00
203912	124	159596609	49.26	0.00	1	0.00	-99.00	16.23	42.27
203912	124	159021401	33.09	0.00	0	0.00	-99.00	34.48	66.03
203912	124	159267593	48.28	41.94	0	0.00	-99.00	37.32	77.85
203912	124	159289681	75.07	0.00	1	0.00	-99.00	46.38	117.95
203912	124	159459225	45.10	91.24	0	0.00	-99.00	40.40	24.37
203912	124	159018252	34.14	0.00	1	0.00	-99.00	64.01	90.92
203912	124	159097524	26.58	51.85	0	0.00	-99.00	24.25	28.07
203912	124	159603156	37.04	0.00	1	0.00	-99.00	1.86	10.47
203912	124	158853947	31.45	71.35	1	0.00	-99.00	12.12	14.47
203912	124	158958563	63.60	100.63	0	0.00	-99.00	47.62	96.96
203912	124	159169755	34.00	61.48	1	0.00	-99.00	23.47	0.82
203912	124	158925498	37.29	56.22	1	0.00	-99.00	27.34	57.19
203912	124	159156170	34.72	66.61	0	0.00	-99.00	18.94	20.01
203912	124	159326562	23.50	0.00	1	0.00	-99.00	26.99	35.59
203912	124	159437986	51.40	50.52	1	0.00	-99.00	6.89	33.14
203912	124	159536954	65.94	82.59	1	0.00	-99.00	30.60	88.55
203912	124	159899938	36.60	0.00	1	0.00	-99.00	84.64	111.30
203912	124	159959650	55.10	107.31	1	0.00	-99.00	26.36	73.62
203912	124	158939782	42.03	45.90	0	0.00	-99.00	37.31	8.36
203912	124	158971102	38.07	47.24	1	0.00	-99.00	14.96	38.02
203912	124	159006486	32.04	0.00	0	0.00	-99.00	32.17	63.56
203912	124	159167566	39.95	0.00	1	0.00	-99.00	15.87	42.51
203912	124	159750550	40.22	55.61	1	0.00	-99.00	42.06	0.23
203912	124	159945486	50.56	104.00	0	0.00	-99.00	37.46	68.36
203912	219	270567092	46.59	0.00	0	0.00	-99.00	36.23	81.85
203912	219	271216121	30.58	0.00	1	0.00	-99.00	14.92	40.33
203912	219	270612209	75.32	0.00	1	0.00	-99.00	25.14	86.78
203912	219	270666193	32.63	0.00	0	0.00	-99.00	7.24	30.60
203912	219	271265774	26.03	0.00	1	0.00	-99.00	14.49	26.08
203912	219	270904178	55.14	0.00	1	0.00	-99.00	24.96	52.83
203912	219	271335663	42.16	0.00	1	0.00	-99.00	16.34	4.66
203912	219	271598591	43.78	142.63	1	0.00	-99.00	16.73	52.64
203912	219	271621823	139.25	91.03	1	0.00	-99.00	45.51	141.94
203912	219	270816408	59.67	0.00	1	0.00	-99.00	10.01	21.58
203912	219	270976560	28.01	0.00	1	0.00	-99.00	15.24	40.93
203912	219	270999215	53.76	0.00	1	0.00	-99.00	22.34	19.12
203912	219	271080940	29.69	0.00	0	0.00	-99.00	22.28	0.18
203912	219	271343556	34.38	0.00	0	0.00	-99.00	23.23	34.69
203912	219	271109574	38.87	0.00	1	0.00	-99.00	14.18	7.94
203912	219	271187686	30.90	0.00	0	0.00	-99.00	5.55	14.20
203912	219	271217998	49.49	40.20	1	0.00	-99.00	13.35	15.11
203912	219	271245942	45.34	46.08	1	0.00	-99.00	24.52	21.15
203912	219	271634086	48.23	44.70	1	0.00	-99.00	18.85	60.04
203912	219	271228226	41.98	0.00	1	0.00	-99.00	11.38	42.64
203912	219	271222498	75.26	45.87	1	0.00	-99.00	5.70	3.33
203912	219	270782221	25.71	47.41	0	0.00	-99.00	29.60	5.83
203912	219	270739149	42.47	0.00	1	0.00	-99.00	9.02	27.27
203912	219	271111066	26.62	0.00	0	0.00	-99.00	37.98	57.36
203912	219	271191162	44.38	0.00	1	0.00	-99.00	17.34	5.35
203912	219	270899758	31.81	56.48	1	0.00	-99.00	33.00	33.32
203912	219	270997446	37.85	0.00	1	0.00	-99.00	26.24	5.72
203912	219	271333107	30.21	69.81	0	0.00	-99.00	15.14	17.72
203912	219	271617331	58.85	45.83	1	0.00	-99.00	19.02	2.03
203912	219	270831588	58.00	0.00	1	0.00	-99.00	20.13	14.43
203912	219	270863300	72.89	81.51	0	0.00	-99.00	29.08	9.71
203912	219	270631650	32.34	0.00	1	0.00	-99.00	16.95	19.34
203912	219	270671322	49.80	0.00	1	0.00	-99.00	9.67	22.20
203912	219	271089552	26.75	0.00	1	0.00	-99.00	36.43	62.30
203912	219	271248376	41.16	40.99	1	0.00	-99.00	44.80	85.47
203912	219	270617390	33.06	45.28	1	0.00	-99.00	19.59	39.06
203912	219	270581950	35.58	124.78	1	0.00	-99.00	41.98	61.25
203912	219	271200619	45.16	51.63	0	0.00	-99.00	11.58	4.04
203912	219	270563544	21.75	0.00	1	0.00	-99.00	25.64	8.47
203912	219	271221085	46.60	0.00	0	0.00	-99.00	12.30	38.25
203912	219	270589759	36.57	0.00	1	0.00	-99.00	31.06	67.25
203912	219	270638471	30.89	0.00	0	0.00	-99.00	20.45	33.55
203912	219	270869791	44.09	52.39	1	0.00	-99.00	16.96	4.71
203912	219	271086548	38.12	0.00	1	0.00	-99.00	17.07	50.66
203912	219	271662236	31.95	44.30	0	0.00	-99.00	21.86	26.19
203912	219	270836835	21.04	0.00	1	0.00	-99.00	26.46	33.45
203912	219	270925851	42.82	0.00	1	0.00	-99.00	37.25	20.18
203912	219	271297408	41.20	0.00	1	0.00	-99.00	70.62	106.57
203912	220	271714516	22.77	0.00	1	0.00	-99.00	44.82	34.27
203912	220	271833852	25.35	0.00	0	0.00	-99.00	38.59	24.65
203912	220	272039388	75.91	51.46	1	0.00	-99.00	49.13	61.88
203912	220	272567294	39.35	86.83	0	0.00	-99.00	59.96	10.22
203912	220	271932616	60.99	52.97	1	0.00	-99.00	19.08	38.01
203912	220	272041832	37.26	0.00	1	0.00	-99.00	16.56	31.25
203912	220	272173792	42.99	63.54	1	0.00	-99.00	37.49	10.38
203912	220	272073833	51.21	61.41	1	0.00	-99.00	30.22	35.39
203912	220	271685558	58.12	88.32	0	0.00	-99.00	22.26	20.94
203912	220	272295208	45.02	53.52	1	0.00	-99.00	17.48	49.40
203912	220	272356680	74.77	52.89	1	0.00	-99.00	10.47	3.09
203912	220	272513688	40.78	0.00	1	0.00	-99.00	46.67	86.58
203912	220	271897133	34.38	0.00	1	0.00	-99.00	20.39	50.81
203912	220	272359007	40.26	0.00	1	0.00	-99.00	21.87	1.61
203912	220	272483351	24.03	0.00	1	0.00	-99.00	5.48	14.70
203912	220	272391615	69.25	101.28	0	0.00	-99.00	48.79	91.06
203912	220	272594215	44.90	41.41	1	0.00	-99.00	22.55	5.25
203912	220	272686335	24.10	0.00	1	0.00	-99.00	32.99	15.88
203912	220	272686650	37.28	0.00	1	0.00	-99.00	36.09	72.46
203912	220	271994411	37.89	43.31	1	0.00	-99.00	7.78	5.09
203912	220	271791937	42.09	0.00	1	0.00	-99.00	56.22	96.49
203912	220	272392539	30.64	0.00	1	0.00	-99.00	27.00	57.32
203912	220	272392115	25.75	76.51	1	0.00	-99.00	63.63	80.44
203912	220	272519219	29.50	0.00	1	0.00	-99.00	30.59	57.99
203912	220	271789635	45.73	63.32	1	0.00	-99.00	13.46	25.25
203912	220	271805963	43.94	60.94	0	0.00	-99.00	27.13	57.23
203912	220	272313797	20.80	0.00	0	0.00	-99.00	22.86	33.01
203912	220	272544821	42.78	49.67	1	0.00	-99.00	46.02	86.88
203912	220	272571109	53.54	69.56	0	0.00	-99.00	12.77	25.27
203912	220	272363801	22.91	0.00	1	0.00	-99.00	5.55	14.69
203912	220	271939738	32.26	0.00	1	0.00	-99.00	30.09	61.16
203912	220	272511676	49.69	0.00	1	0.00	-99.00	20.97	60.93
203912	220	272630772	102.54	75.67	1	0.00	-99.00	2.86	3.78
203912	220	272742732	26.78	0.00	0	0.00	-99.00	44.56	27.08
203912	220	272223196	86.90	89.56	1	0.00	-99.00	45.57	77.26
203912	220	272220540	71.60	125.70	1	0.00	-99.00	36.33	40.61
203912	220	272349486	31.73	0.00	1	0.00	-99.00	42.27	34.82
203912	220	272362678	32.18	0.00	1	0.00	-99.00	32.35	36.96
203912	220	272522806	45.89	62.95	1	0.00	-99.00	21.64	22.03
203912	220	271766447	51.06	73.26	0	0.00	-99.00	10.29	45.78
203912	220	271920207	30.90	0.00	1	0.00	-99.00	36.77	47.03
203912	220	272105415	73.00	67.52	0	0.00	-99.00	8.70	13.41
203912	220	271873402	31.10	53.32	1	0.00	-99.00	26.57	54.70
203912	220	272462052	30.47	0.00	1	0.00	-99.00	55.82	65.78
203912	220	272568455	30.07	65.75	1	0.00	-99.00	23.15	15.54
203912	220	272615991	38.76	45.92	0	0.00	-99.00	17.55	48.53
203912	220	272731807	43.40	0.00	1	0.00	-99.00	10.53	10.64
203912	220	271778366	33.28	0.00	0	0.00	-99.00	10.35	33.05
203912	220	271837070	22.67	49.35	0	0.00	-99.00	10.00	29.53
203912	220	272251000	33.73	59.39	0	0.00	-99.00	15.03	44.81
203912	220	272526504	42.00	48.91	1	0.00	-99.00	10.85	28.35
203912	225	277336893	38.94	0.00	1	0.00	-99.00	53.32	91.13
203912	225	277394901	35.22	50.24	1	0.00	-99.00	24.40	30.50
203912	225	277967330	24.33	42.20	0	0.00	-99.00	17.10	18.18
203912	225	278029026	57.78	80.40	0	0.00	-99.00	11.00	5.61
203912	225	278100682	48.00	0.00	1	0.00	-99.00	27.05	10.33
203912	225	277435293	84.48	140.45	0	0.00	-99.00	12.33	16.31
203912	225	278400594	23.24	0.00	1	0.00	-99.00	15.67	31.57
203912	225	278428842	36.61	58.26	0	0.00	-99.00	29.64	23.50
203912	225	277748365	32.32	65.47	0	0.00	-99.00	10.22	9.55
203912	225	278036965	33.51	0.00	0	0.00	-99.00	30.86	48.52
203912	225	278330005	40.61	0.00	0	0.00	-99.00	10.08	14.86
203912	225	277421001	27.66	43.51	0	0.00	-99.00	6.34	7.20
203912	225	277439873	62.27	194.21	1	0.00	-99.00	18.52	66.39
203912	225	278127694	56.24	62.11	1	0.00	-99.00	45.23	32.02
203912	225	278240350	37.80	56.10	1	0.00	-99.00	44.83	79.99
203912	225	277354540	56.74	68.85	1	0.00	-99.00	36.99	5.17
203912	225	277525881	34.95	85.48	0	0.00	-99.00	15.85	2.51
203912	225	277440316	320.18	349.40	0	0.00	-99.00	24.48	157.75
203912	225	278075297	38.30	0.00	1	0.00	-99.00	8.05	31.24
203912	225	278428777	32.17	0.00	1	0.00	-99.00	17.14	46.18
203912	225	277596657	37.22	0.00	1	0.00	-99.00	13.19	40.76
203912	225	277891729	38.10	0.00	0	0.00	-99.00	9.94	25.03
203912	225	277983185	73.92	60.05	1	0.00	-99.00	6.61	41.99
203912	225	278194153	47.62	71.97	0	0.00	-99.00	26.05	69.61
203912	225	278326873	105.34	0.00	0	0.00	-99.00	24.88	93.09
203912	225	278393289	43.68	105.21	0	0.00	-99.00	25.38	38.17
203912	225	277339878	30.20	92.01	0	0.00	-99.00	10.82	12.69
203912	225	277434918	33.04	0.00	0	0.00	-99.00	22.27	49.57
203912	225	277778875	38.85	0.00	1	0.00	-99.00	57.30	93.06
203912	225	278029036	71.02	0.00	1	0.00	-99.00	16.80	42.96
203912	225	278298212	73.73	0.00	0	0.00	-99.00	27.81	88.67
203912	225	278392436	42.53	63.60	0	0.00	-99.00	20.58	38.11
203912	225	277547488	32.83	0.00	1	0.00	-99.00	8.70	25.06
203912	225	277727520	82.37	57.25	1	0.00	-99.00	7.09	20.21
203912	225	278253728	32.33	0.00	1	0.00	-99.00	31.59	59.97
203912	225	278303184	80.23	45.72	0	0.00	-99.00	12.23	61.45
203912	225	277459399	25.10	0.00	1	0.00	-99.00	22.28	47.19
203912	225	277538284	36.60	40.22	1	0.00	-99.00	28.68	6.17
203912	225	277380376	30.81	0.00	1	0.00	-99.00	68.78	91.63
203912	225	277599221	33.86	0.00	1	0.00	-99.00	40.64	26.08
203912	225	278074581	28.26	0.00	0	0.00	-99.00	9.25	27.90
203912	225	277858087	42.64	40.39	1	0.00	-99.00	33.07	36.12
203912	225	278424840	33.70	0.00	0	0.00	-99.00	0.36	3.11
203912	225	277373990	37.39	54.74	1	0.00	-99.00	3.72	20.31
203912	225	277558027	28.97	70.59	1	0.00	-99.00	98.17	91.71
203912	225	277710443	39.31	0.00	1	0.00	-99.00	45.60	76.81
203912	225	277791107	21.01	47.77	0	0.00	-99.00	20.83	41.68
203912	225	278328683	25.00	0.00	1	0.00	-99.00	47.55	1.03
203912	225	278428355	51.98	0.00	1	0.00	-99.00	19.77	17.97
203912	226	278841165	41.44	0.00	1	0.00	-99.00	30.74	25.47
203912	226	278854133	44.24	46.53	1	0.00	-99.00	4.97	29.53
203912	226	278994365	37.27	49.72	1	0.00	-99.00	32.39	19.18
203912	226	279196341	77.12	0.00	1	0.00	-99.00	3.67	29.46
203912	226	279353157	32.84	0.00	1	0.00	-99.00	15.93	5.85
203912	226	278931653	32.34	0.00	1	0.00	-99.00	35.04	65.45
203912	226	278924957	28.55	0.00	1	0.00	-99.00	47.67	27.28
203912	226	279049445	26.33	0.00	1	0.00	-99.00	23.37	34.07
203912	226	278929209	46.15	0.00	1	0.00	-99.00	16.82	49.44
203912	226	279103897	38.49	0.00	1	0.00	-99.00	33.00	68.40
203912	226	279375993	107.93	85.04	1	0.00	-99.00	23.72	98.64
203912	226	278724203	33.96	0.00	1	0.00	-99.00	39.50	73.00
203912	226	278736123	26.47	0.00	1	0.00	-99.00	35.42	17.37
203912	226	278798699	37.09	0.00	1	0.00	-99.00	36.53	60.50
203912	226	279387083	43.45	0.00	0	0.00	-99.00	25.98	64.31
203912	226	279412595	30.59	0.00	1	0.00	-99.00	22.02	7.28
203912	226	279375283	70.73	134.71	0	0.00	-99.00	66.90	5.18
203912	226	278525758	46.28	0.00	0	0.00	-99.00	11.19	45.48
203912	226	278593094	26.78	136.81	1	0.00	-99.00	14.86	18.88
203912	226	278777254	20.64	0.00	1	0.00	-99.00	11.26	14.28
203912	226	278676334	21.22	151.92	0	0.00	-99.00	5.47	7.14
203912	226	279045118	29.29	0.00	0	0.00	-99.00	36.34	53.94
203912	226	279173430	76.06	0.00	1	0.00	-99.00	20.48	36.42
203912	226	279247294	27.50	0.00	1	0.00	-99.00	11.14	34.46
203912	226	279459417	29.92	55.35	1	0.00	-99.00	13.94	40.47
203912	226	279466441	35.35	42.79	1	0.00	-99.00	18.08	45.26
203912	226	279488313	61.13	0.00	1	0.00	-99.00	46.09	24.92
203912	226	279425689	46.42	0.00	1	0.00	-99.00	45.37	91.71
203912	226	278855643	32.99	53.69	1	0.00	-99.00	52.13	72.43
203912	226	279462299	34.48	0.00	0	0.00	-99.00	4.55	20.82
203912	226	278591511	35.37	0.00	1	0.00	-99.00	10.12	6.75
203912	226	278940487	95.48	0.00	1	0.00	-99.00	46.05	46.31
203912	226	279056536	55.91	126.41	1	0.00	-99.00	18.32	39.95
203912	226	279089824	29.08	0.00	0	0.00	-99.00	6.96	7.37
203912	226	279563376	65.25	92.92	0	0.00	-99.00	24.07	69.47
203912	226	279555560	33.17	0.00	1	0.00	-99.00	23.23	52.77
203912	226	278464530	66.22	63.83	1	0.00	-99.00	46.32	91.64
203912	226	279095362	33.91	42.24	1	0.00	-99.00	3.09	2.96
203912	226	278457588	31.83	0.00	1	0.00	-99.00	17.00	24.54
203912	226	278987860	34.70	44.05	1	0.00	-99.00	7.02	17.19
203912	226	279005188	63.50	68.76	0	0.00	-99.00	31.52	30.61
203912	226	279014948	31.39	61.58	1	0.00	-99.00	52.53	28.09
203912	226	279011548	36.82	124.73	1	0.00	-99.00	44.60	78.38
203912	226	279199812	36.83	80.82	0	0.00	-99.00	12.33	41.33
203912	226	278833362	35.01	0.00	1	0.00	-99.00	16.82	47.70
203912	226	279392850	24.03	0.00	0	0.00	-99.00	25.01	45.12
203912	226	279518722	46.30	50.06	1	0.00	-99.00	17.98	56.54
203912	226	279543490	33.35	73.47	0	0.00	-99.00	14.23	27.76
203912	226	278809478	44.28	57.30	0	0.00	-99.00	57.39	81.21
203912	226	279160462	92.97	42.46	1	0.00	-99.00	6.32	41.15
203912	226	279251846	30.83	0.00	1	0.00	-99.00	43.37	72.87
203912	226	279352334	56.08	44.15	1	0.00	-99.00	18.86	59.82
203912	226	278742420	33.69	0.00	1	0.00	-99.00	14.82	16.88
203912	226	279257228	21.82	83.48	0	0.00	-99.00	2.22	13.83
203912	226	279371263	61.12	62.96	0	0.00	-99.00	10.18	27.71
203912	226	279450359	25.51	51.03	1	0.00	-99.00	12.81	19.69
203912	226	278735792	45.45	0.00	0	0.00	-99.00	19.95	8.15
203912	226	278939256	30.39	0.00	1	0.00	-99.00	17.26	40.24
203912	227	280041668	46.44	56.96	1	0.00	-99.00	27.34	70.86
203912	227	280332452	39.64	0.00	1	0.00	-99.00	42.04	68.94
203912	227	279872628	38.00	86.21	1	0.00	-99.00	95.93	71.83
203912	227	280517460	40.70	0.00	1	0.00	-99.00	30.35	70.11
203912	227	280556908	37.61	0.00	1	0.00	-99.00	36.83	28.91
203912	227	280180739	75.98	60.83	1	0.00	-99.00	14.03	56.26
203912	227	280290299	54.19	86.90	1	0.00	-99.00	33.15	69.92
203912	227	280669475	45.75	55.69	1	0.00	-99.00	19.29	57.81
203912	227	279620334	99.96	135.66	0	0.00	-99.00	10.20	57.29
203912	227	279778894	20.02	64.56	1	0.00	-99.00	19.49	36.90
203912	227	279946718	44.71	71.02	1	0.00	-99.00	31.46	16.44
203912	227	279955182	36.93	70.98	1	0.00	-99.00	82.35	105.96
203912	227	279799774	80.66	155.44	0	0.00	-99.00	66.62	58.07
203912	227	279663645	37.78	0.00	0	0.00	-99.00	28.76	42.17
203912	227	280395437	33.56	50.71	1	0.00	-99.00	8.80	29.14
203912	227	280561901	34.73	0.00	1	0.00	-99.00	26.58	21.10
203912	227	280104042	60.33	0.00	1	0.00	-99.00	9.47	47.51
203912	227	280216810	33.80	0.00	1	0.00	-99.00	15.19	25.25
203912	227	280639786	48.71	50.07	1	0.00	-99.00	49.45	89.65
203912	227	279916486	55.26	49.98	1	0.00	-99.00	28.63	21.08
203912	227	280155310	47.31	41.57	0	0.00	-99.00	6.71	32.91
203912	227	280536686	36.62	0.00	1	0.00	-99.00	20.00	44.71
203912	227	280492846	39.11	56.48	1	0.00	-99.00	23.27	29.49
203912	227	280606022	32.85	0.00	1	0.00	-99.00	60.77	85.79
203912	227	279679591	32.02	0.00	0	0.00	-99.00	4.32	14.74
203912	227	280118759	46.69	0.00	1	0.00	-99.00	28.62	73.04
203912	227	280319967	34.26	0.00	0	0.00	-99.00	29.76	57.99
203912	227	280600631	54.26	47.06	1	0.00	-99.00	25.16	48.66
203912	227	279977549	26.80	0.00	0	0.00	-99.00	39.02	35.97
203912	227	280024669	20.99	0.00	1	0.00	-99.00	18.33	7.45
203912	227	280123101	27.15	0.00	1	0.00	-99.00	11.12	34.14
203912	227	280128653	31.80	0.00	1	0.00	-99.00	13.45	21.71
203912	227	279742394	44.32	61.45	1	0.00	-99.00	13.54	34.56
203912	227	279862330	28.30	0.00	1	0.00	-99.00	11.94	17.98
203912	227	280039618	20.89	0.00	0	0.00	-99.00	5.37	2.06
203912	227	279749771	40.82	54.90	1	0.00	-99.00	17.10	48.86
203912	227	279970707	29.48	88.45	1	0.00	-99.00	58.25	66.12
203912	227	280468211	34.00	0.00	1	0.00	-99.00	10.01	20.48
203912	227	280635307	69.67	58.54	1	0.00	-99.00	44.75	92.18
203912	227	280589067	37.51	0.00	1	0.00	-99.00	63.46	28.35
203912	227	280080105	27.58	116.69	0	0.00	-99.00	13.29	27.81
203912	227	280111633	37.71	44.49	1	0.00	-99.00	29.24	65.13
203912	227	280624137	36.71	56.98	1	0.00	-99.00	32.05	67.11
203912	227	279912609	44.54	0.00	1	0.00	-99.00	17.17	53.68
203912	227	279918809	60.55	56.88	1	0.00	-99.00	17.40	64.52
203912	227	280070065	34.24	60.99	1	0.00	-99.00	42.47	76.11
203912	227	280391569	81.69	65.89	0	0.00	-99.00	19.73	80.28
203912	227	280671993	48.80	0.00	1	0.00	-99.00	15.19	50.48
203912	227	279586024	27.06	0.00	0	0.00	-99.00	8.71	7.21
203912	227	279853976	20.01	0.00	1	0.00	-99.00	19.89	35.31
203912	227	279935056	31.89	59.24	1	0.00	-99.00	10.04	32.08
203912	227	280073968	23.56	0.00	0	0.00	-99.00	36.82	23.07
203912	227	280170136	23.79	0.00	1	0.00	-99.00	40.94	40.59
203912	227	280262288	28.26	0.00	0	0.00	-99.00	25.51	5.37
203912	227	279575912	49.74	62.94	1	0.00	-99.00	27.07	67.00
203912	227	280133184	39.04	0.00	1	0.00	-99.00	5.32	20.28
203912	227	280229744	20.14	45.60	1	0.00	-99.00	12.78	14.44
203912	227	280619207	37.93	0.00	1	0.00	-99.00	30.60	65.97
203912	228	281744336	25.61	0.00	1	0.00	-99.00	18.11	43.06
203912	228	281701536	33.08	0.00	1	0.00	-99.00	5.25	26.24
203912	228	281335719	24.62	0.00	1	0.00	-99.00	18.13	36.34
203912	228	281628631	42.87	0.00	1	0.00	-99.00	15.44	41.12
203912	228	281594311	27.66	45.93	0	0.00	-99.00	11.39	0.90
203912	228	281131009	42.38	0.00	1	0.00	-99.00	5.24	19.87
203912	228	281614569	20.03	0.00	1	0.00	-99.00	9.75	22.50
203912	228	281680961	37.51	0.00	1	0.00	-99.00	58.09	89.50
203912	228	280743210	46.17	43.40	1	0.00	-99.00	33.45	52.51
203912	228	281041802	49.24	59.55	0	0.00	-99.00	24.42	66.17
203912	228	281359730	81.50	114.65	0	0.00	-99.00	31.23	38.67
203912	228	281471517	25.34	54.48	1	0.00	-99.00	10.11	1.15
203912	228	280986075	63.82	0.00	1	0.00	-99.00	23.61	77.37
203912	228	281022371	66.22	55.05	0	0.00	-99.00	36.55	57.85
203912	228	281164771	72.05	79.52	1	0.00	-99.00	37.57	97.71
203912	228	281246451	46.94	219.95	1	0.00	-99.00	22.65	12.48
203912	228	281623059	46.55	0.00	1	0.00	-99.00	36.66	82.54
203912	228	280908724	81.80	58.40	1	0.00	-99.00	40.01	80.43
203912	228	281140660	36.25	0.00	1	0.00	-99.00	7.77	6.32
203912	228	281323956	43.16	0.00	0	0.00	-99.00	50.51	83.65
203912	228	281762212	46.63	0.00	1	0.00	-99.00	41.83	85.94
203912	228	280700062	95.62	185.78	1	0.00	-99.00	63.27	100.22
203912	228	280870246	80.19	188.59	0	0.00	-99.00	23.92	34.29
203912	228	280982878	26.85	0.00	1	0.00	-99.00	12.17	28.86
203912	228	281128686	46.91	0.00	1	0.00	-99.00	21.45	63.40
203912	228	281178174	36.76	0.00	0	0.00	-99.00	8.46	22.34
203912	228	281288662	24.08	42.48	0	0.00	-99.00	10.81	22.78
203912	228	281169030	65.24	145.37	0	0.00	-99.00	65.00	5.91
203912	228	281807486	56.01	121.20	1	0.00	-99.00	67.20	122.54
203912	228	280997637	21.51	0.00	1	0.00	-99.00	16.19	35.60
203912	228	280973845	36.16	0.00	1	0.00	-99.00	48.31	54.28
203912	228	281428909	34.89	53.69	1	0.00	-99.00	67.23	91.83
203912	228	281466421	24.00	68.35	0	0.00	-99.00	46.02	5.89
203912	228	281129380	30.02	0.00	1	0.00	-99.00	25.17	54.96
203912	228	281454924	27.86	0.00	1	0.00	-99.00	17.84	29.19
203912	228	281614620	37.27	0.00	1	0.00	-99.00	56.66	68.04
203912	228	281813868	41.10	77.53	0	0.00	-99.00	35.46	72.43
203912	228	280826182	38.50	63.35	0	0.00	-99.00	30.44	61.41
203912	228	281019054	37.38	56.12	0	0.00	-99.00	11.92	16.90
203912	228	281413942	28.85	46.09	1	0.00	-99.00	6.64	27.61
203912	228	281343819	44.48	0.00	1	0.00	-99.00	31.08	24.36
203912	228	281401243	25.03	0.00	1	0.00	-99.00	21.33	38.20
203912	228	281352083	28.57	60.07	1	0.00	-99.00	9.09	29.06
203912	228	280816794	20.88	71.43	1	0.00	-99.00	40.61	40.82
203912	228	280869098	32.41	47.38	1	0.00	-99.00	26.59	25.26
203912	228	281167218	48.30	88.78	1	0.00	-99.00	10.05	28.74
203912	228	280992265	39.67	58.06	1	0.00	-99.00	5.86	25.78
203912	228	281681441	40.41	0.00	0	0.00	-99.00	32.36	29.22
203912	229	281863056	35.37	0.00	1	0.00	-99.00	43.24	76.45
203912	229	282079832	36.88	54.34	1	0.00	-99.00	26.62	62.62
203912	229	282086688	55.27	100.73	0	0.00	-99.00	31.85	32.02
203912	229	282207232	38.46	0.00	1	0.00	-99.00	52.56	85.59
203912	229	282368544	33.92	0.00	1	0.00	-99.00	3.91	21.06
203912	229	282655400	20.92	83.73	1	0.00	-99.00	10.54	2.05
203912	229	282776704	33.45	92.92	0	0.00	-99.00	45.02	10.62
203912	229	281950274	81.35	75.05	0	0.00	-99.00	42.13	29.79
203912	229	282324562	45.76	0.00	1	0.00	-99.00	57.99	101.84
203912	229	282431401	43.34	0.00	1	0.00	-99.00	29.25	70.56
203912	229	282739361	30.59	0.00	0	0.00	-99.00	8.12	31.42
203912	229	281857884	109.53	139.67	0	0.00	-99.00	14.66	26.27
203912	229	282489292	39.57	0.00	1	0.00	-99.00	37.72	74.66
203912	229	282594012	51.82	0.00	1	0.00	-99.00	22.91	68.46
203912	229	282578804	71.68	69.28	1	0.00	-99.00	13.79	48.56
203912	229	282784372	41.91	44.23	1	0.00	-99.00	26.70	64.92
203912	229	282808364	46.54	0.00	1	0.00	-99.00	23.98	65.40
203912	229	282945492	21.83	52.79	1	0.00	-99.00	27.11	13.42
203912	229	281954333	139.26	92.34	0	0.00	-99.00	25.52	117.71
203912	229	282059389	20.81	177.02	0	0.00	-99.00	5.19	9.62
203912	229	282276261	43.98	57.06	1	0.00	-99.00	24.13	64.13
203912	229	282293557	31.98	0.00	0	0.00	-99.00	29.67	38.03
203912	229	282384589	38.25	41.13	1	0.00	-99.00	19.49	51.37
203912	229	282419525	26.57	49.64	1	0.00	-99.00	10.62	32.22
203912	229	282639381	66.18	51.98	0	0.00	-99.00	10.38	3.73
203912	229	281848718	159.34	105.43	0	0.00	-99.00	25.07	119.02
203912	229	281922758	44.04	75.90	1	0.00	-99.00	21.14	38.93
203912	229	282530174	22.93	0.00	1	0.00	-99.00	34.22	51.12
203912	229	282848078	21.95	57.44	1	0.00	-99.00	14.05	1.67
203912	229	281964853	41.75	59.84	1	0.00	-99.00	13.81	31.73
203912	229	282203117	40.56	50.60	1	0.00	-99.00	7.73	35.39
203912	229	282577645	38.67	47.40	0	0.00	-99.00	14.55	26.38
203912	229	282015992	28.71	0.00	0	0.00	-99.00	24.19	52.18
203912	229	282211856	39.24	0.00	1	0.00	-99.00	43.18	61.71
203912	229	282381856	40.87	50.91	1	0.00	-99.00	18.62	3.24
203912	229	282688008	26.18	0.00	1	0.00	-99.00	10.47	30.24
203912	229	282729136	44.38	0.00	1	0.00	-99.00	13.62	17.45
203912	229	282832816	20.95	0.00	0	0.00	-99.00	7.78	14.29
203912	229	282601174	31.82	0.00	1	0.00	-99.00	6.02	26.92
203912	229	282654158	45.96	0.00	1	0.00	-99.00	33.07	73.19
203912	229	282735014	43.99	0.00	1	0.00	-99.00	59.86	100.53
203912	229	281974731	31.17	80.07	0	0.00	-99.00	28.21	52.80
203912	229	282003395	33.88	0.00	1	0.00	-99.00	74.07	100.19
203912	229	282153139	29.86	0.00	1	0.00	-99.00	28.55	26.34
203912	229	282754107	51.33	0.00	1	0.00	-99.00	21.22	40.22
203912	229	282896691	25.68	0.00	1	0.00	-99.00	22.64	6.03
203912	229	282049191	52.26	0.00	1	0.00	-99.00	1.94	11.49
203912	229	282243607	28.89	47.84	1	0.00	-99.00	33.58	60.45
203912	229	282457631	38.75	0.00	1	0.00	-99.00	36.98	75.69
203912	229	282572183	41.09	0.00	1	0.00	-99.00	22.59	2.42
203912	229	281856345	41.93	45.40	1	0.00	-99.00	29.75	66.62
203912	229	282470777	21.46	0.00	1	0.00	-99.00	14.32	31.63
203912	229	282679545	37.62	0.00	1	0.00	-99.00	37.38	74.92
203912	229	282814505	37.43	51.76	1	0.00	-99.00	12.31	17.85
203912	229	282832921	35.08	0.00	1	0.00	-99.00	7.41	21.98
203912	229	282073951	28.34	0.00	0	0.00	-99.00	43.95	27.82
203912	229	282156799	160.19	158.92	0	0.00	-99.00	34.10	147.31
203912	229	282885599	42.73	78.07	0	0.00	-99.00	23.70	7.92
203912	229	281900290	58.10	0.00	0	0.00	-99.00	9.73	6.12
203912	229	282319443	32.08	0.00	1	0.00	-99.00	28.78	23.94
203912	229	282418427	37.76	42.63	1	0.00	-99.00	69.84	25.83
203912	229	282549899	35.39	0.00	1	0.00	-99.00	16.50	47.59
203912	229	282748515	20.90	0.00	1	0.00	-99.00	28.34	47.57
203912	229	282921563	42.64	60.62	1	0.00	-99.00	29.41	19.25
203912	229	282109580	39.68	49.58	1	0.00	-99.00	50.11	88.27
203912	229	282213332	25.46	91.67	0	0.00	-99.00	45.97	19.28
203912	229	282264252	22.64	90.08	1	0.00	-99.00	34.12	55.58
203912	229	282424364	29.85	0.00	0	0.00	-99.00	14.86	23.03
203912	229	282477948	31.68	0.00	1	0.00	-99.00	32.13	63.10
203912	229	282529556	38.66	49.66	0	0.00	-99.00	3.25	13.99
203912	229	282715932	21.54	0.00	0	0.00	-99.00	15.79	36.88
203912	230	283755265	84.17	0.00	1	0.00	-99.00	17.22	66.63
203912	230	283759593	42.43	0.00	1	0.00	-99.00	15.11	50.32
203912	230	283757505	31.92	55.17	0	0.00	-99.00	7.48	21.77
203912	230	283803281	31.94	0.00	1	0.00	-99.00	22.57	51.65
203912	230	283957073	109.87	133.00	1	0.00	-99.00	20.17	93.64
203912	230	283321498	23.31	0.00	1	0.00	-99.00	2.26	7.34
203912	230	284005402	89.14	124.09	0	0.00	-99.00	25.73	69.08
203912	230	283290971	52.92	63.69	0	0.00	-99.00	21.91	67.54
203912	230	283395307	47.16	0.00	1	0.00	-99.00	44.42	91.37
203912	230	283380595	96.86	51.90	1	0.00	-99.00	61.56	135.89
203912	230	283744379	38.80	45.88	1	0.00	-99.00	41.75	70.39
203912	230	282970508	47.72	82.35	1	0.00	-99.00	66.07	107.58
203912	230	283252612	27.47	0.00	1	0.00	-99.00	44.96	61.56
203912	230	283482444	39.11	76.79	1	0.00	-99.00	70.32	36.16
203912	230	283524676	28.37	0.00	1	0.00	-99.00	25.34	20.41
203912	230	283657740	50.14	0.00	1	0.00	-99.00	23.01	67.14
203912	230	283805140	23.04	0.00	0	0.00	-99.00	18.06	28.97
203912	230	284019596	41.77	0.00	1	0.00	-99.00	30.63	70.72
203912	230	283014683	72.02	52.58	1	0.00	-99.00	13.77	49.83
203912	230	283050299	47.30	48.52	0	0.00	-99.00	29.60	72.33
203912	230	283226603	26.59	0.00	1	0.00	-99.00	47.37	70.32
203912	230	283320267	30.78	0.00	1	0.00	-99.00	9.73	12.38
203912	230	283564507	53.28	81.12	1	0.00	-99.00	24.83	53.08
203912	230	283763643	39.81	0.00	1	0.00	-99.00	12.70	23.36
203912	230	283478704	27.94	113.11	0	0.00	-99.00	38.30	29.50
203912	230	283489560	36.88	0.00	0	0.00	-99.00	24.62	13.89
203912	230	283985160	34.99	0.00	1	0.00	-99.00	42.86	31.04
203912	230	283099161	31.90	0.00	1	0.00	-99.00	12.00	10.12
203912	230	283079809	35.81	60.62	1	0.00	-99.00	15.54	32.03
203912	230	283297273	27.75	0.00	0	0.00	-99.00	25.49	39.91
203912	230	283250265	30.75	81.35	0	0.00	-99.00	33.34	51.25
203912	230	283718913	39.50	50.74	1	0.00	-99.00	19.87	46.75
203912	230	284014625	34.89	44.45	1	0.00	-99.00	22.30	32.23
203912	230	283159470	25.98	0.00	1	0.00	-99.00	3.83	1.08
203912	230	283222942	24.79	0.00	1	0.00	-99.00	7.60	25.85
203912	230	283250782	54.75	80.66	1	0.00	-99.00	26.12	21.08
203912	230	283452430	79.62	114.09	0	0.00	-99.00	32.62	96.57
203912	230	283737358	32.16	0.00	1	0.00	-99.00	52.73	82.31
203912	230	283787086	30.20	0.00	1	0.00	-99.00	10.97	35.11
203912	230	283895398	24.67	70.22	0	0.00	-99.00	18.88	6.76
203912	230	283809854	35.04	62.44	0	0.00	-99.00	27.18	61.51
203912	230	283158765	34.88	72.31	1	0.00	-99.00	40.89	73.53
203912	230	283423045	24.80	57.54	0	0.00	-99.00	21.61	41.94
203912	230	283804645	38.32	0.00	0	0.00	-99.00	18.59	33.65
203912	230	283256666	45.83	101.08	1	0.00	-99.00	11.29	32.14
203912	230	283638338	41.02	48.65	1	0.00	-99.00	6.32	31.35
203912	230	283950050	26.62	59.87	0	0.00	-99.00	9.09	24.49
203912	230	283100399	28.09	0.00	1	0.00	-99.00	17.81	28.96
203912	230	283148639	43.00	40.28	1	0.00	-99.00	15.04	23.29
203912	230	283454175	25.59	0.00	1	0.00	-99.00	41.97	56.52
203912	230	283895703	59.71	0.00	0	0.00	-99.00	30.02	61.57
203912	230	284053303	21.69	41.12	1	0.00	-99.00	14.70	6.25
203912	230	283265400	50.02	86.92	1	0.00	-99.00	33.01	81.26
203912	230	283386710	26.81	0.00	1	0.00	-99.00	38.90	2.06
203912	230	283659398	29.22	72.75	1	0.00	-99.00	47.17	13.05
203912	230	283211180	24.28	51.56	0	0.00	-99.00	15.79	32.81
203912	230	283495612	37.72	75.66	1	0.00	-99.00	35.31	47.00
203912	230	283585444	29.34	0.00	1	0.00	-99.00	3.18	15.33
203912	230	283378287	77.65	107.95	1	0.00	-99.00	82.33	157.57
203912	230	283448343	40.35	42.53	0	0.00	-99.00	4.41	19.06
203912	230	283582991	30.08	0.00	1	0.00	-99.00	46.25	58.21
203912	231	284103256	26.39	0.00	1	0.00	-99.00	11.18	17.27
203912	231	284197504	46.82	59.36	1	0.00	-99.00	24.73	67.98
203912	231	284380624	35.59	0.00	1	0.00	-99.00	8.96	15.31
203912	231	284546768	51.91	0.00	1	0.00	-99.00	34.42	82.94
203912	231	284398552	37.44	151.92	0	0.00	-99.00	43.39	77.10
203912	231	284891784	45.04	0.00	1	0.00	-99.00	23.46	59.29
203912	231	284950120	35.46	45.90	1	0.00	-99.00	43.86	78.04
203912	231	284116549	40.82	53.20	1	0.00	-99.00	38.21	77.45
203912	231	284927989	27.26	0.00	1	0.00	-99.00	7.50	23.44
203912	231	284988885	53.53	40.35	1	0.00	-99.00	27.79	75.47
203912	231	284897696	20.77	0.00	0	0.00	-99.00	20.16	12.68
203912	231	285012192	22.61	46.24	1	0.00	-99.00	39.46	54.80
203912	231	284352945	48.34	0.00	1	0.00	-99.00	9.19	26.86
203912	231	284529817	43.70	44.60	1	0.00	-99.00	8.92	33.52
203912	231	284761857	49.99	48.18	1	0.00	-99.00	22.26	10.30
203912	231	285030529	206.00	275.83	1	0.00	-99.00	38.34	79.14
203912	231	284218690	59.15	42.99	1	0.00	-99.00	18.36	55.48
203912	231	284319506	73.89	46.91	1	0.00	-99.00	41.86	109.44
203912	231	284607074	44.93	0.00	1	0.00	-99.00	22.96	63.38
203912	231	284732754	35.55	0.00	1	0.00	-99.00	20.62	30.65
203912	231	285136322	48.39	0.00	1	0.00	-99.00	47.51	94.74
203912	231	284838228	31.16	47.77	1	0.00	-99.00	14.93	26.02
203912	231	284905140	28.42	0.00	1	0.00	-99.00	9.54	15.62
203912	231	284324099	52.56	0.00	1	0.00	-99.00	26.41	74.49
203912	231	284669651	48.21	0.00	1	0.00	-99.00	26.80	18.07
203912	231	284098247	45.82	62.93	1	0.00	-99.00	36.03	71.22
203912	231	284533527	32.81	0.00	1	0.00	-99.00	26.22	58.38
203912	231	284825111	20.28	0.00	1	0.00	-99.00	43.60	42.76
203912	231	284863031	124.25	166.24	1	0.00	-99.00	18.81	6.30
203912	231	285155863	58.37	56.32	1	0.00	-99.00	39.52	88.03
203912	231	284189356	39.95	0.00	1	0.00	-99.00	13.71	45.97
203912	231	284397508	64.25	68.48	1	0.00	-99.00	16.23	49.91
203912	231	284655068	27.38	0.00	1	0.00	-99.00	17.56	43.52
203912	231	284682092	24.47	0.00	1	0.00	-99.00	35.31	35.56
203912	231	284151851	74.94	89.14	1	0.00	-99.00	22.90	12.99
203912	231	285025395	59.90	0.00	1	0.00	-99.00	14.03	11.66
203912	231	285029523	36.07	0.00	1	0.00	-99.00	11.38	9.30
203912	231	285129947	38.59	0.00	1	0.00	-99.00	48.20	4.66
203912	231	284137238	42.66	0.00	1	0.00	-99.00	22.26	11.08
203912	231	284205166	74.01	0.00	1	0.00	-99.00	6.77	44.70
203912	231	284403438	44.32	0.00	1	0.00	-99.00	15.76	4.26
203912	231	285006190	60.55	40.39	0	0.00	-99.00	28.75	83.22
203912	231	285076046	48.19	42.51	1	0.00	-99.00	23.41	62.28
203912	231	284166535	28.06	0.00	1	0.00	-99.00	16.17	14.50
203912	231	284398367	27.54	80.92	1	0.00	-99.00	42.69	30.90
203912	231	285066407	56.63	59.40	1	0.00	-99.00	27.21	41.60
203912	231	284152090	26.69	98.92	1	0.00	-99.00	53.70	17.19
203912	231	284257602	24.93	0.00	1	0.00	-99.00	26.36	47.99
203912	231	284525882	23.07	0.00	1	0.00	-99.00	9.13	17.51
203912	231	284420301	33.70	0.00	1	0.00	-99.00	23.49	55.41
203912	231	284234881	30.20	55.69	1	0.00	-99.00	30.69	60.85
203912	231	284963153	46.46	0.00	1	0.00	-99.00	42.74	88.79
203912	231	284957913	44.56	45.07	1	0.00	-99.00	12.10	34.45
203912	232	285374208	44.79	53.25	0	0.00	-99.00	8.96	35.17
203912	232	285425264	60.98	49.33	1	0.00	-99.00	22.79	25.38
203912	232	285802872	46.11	0.00	1	0.00	-99.00	58.15	54.48
203912	232	285954416	24.37	0.00	1	0.00	-99.00	21.60	42.33
203912	232	285510187	80.26	105.08	1	0.00	-99.00	30.95	56.29
203912	232	285685339	38.35	75.21	1	0.00	-99.00	46.80	71.30
203912	232	285775059	20.65	0.00	1	0.00	-99.00	14.49	4.49
203912	232	285827603	113.60	141.66	1	0.00	-99.00	46.40	143.78
203912	232	286112187	27.56	0.00	1	0.00	-99.00	12.54	20.96
203912	232	285404251	162.04	146.01	1	0.00	-99.00	1.10	3.80
203912	232	286116651	28.64	42.01	1	0.00	-99.00	29.12	52.63
203912	232	286012587	46.71	73.01	1	0.00	-99.00	9.66	37.16
203912	232	285247258	51.41	0.00	1	0.00	-99.00	32.01	18.81
203912	232	285506786	33.98	0.00	1	0.00	-99.00	10.67	38.05
203912	232	285980762	54.60	63.33	1	0.00	-99.00	34.76	57.16
203912	232	286099426	32.29	0.00	1	0.00	-99.00	49.94	72.35
203912	232	286139554	21.84	0.00	0	0.00	-99.00	18.51	40.04
203912	232	285665857	38.34	0.00	1	0.00	-99.00	26.25	53.52
203912	232	286027369	31.90	0.00	1	0.00	-99.00	17.36	46.94
203912	232	286105065	32.10	68.79	1	0.00	-99.00	56.21	39.00
203912	232	286260235	39.66	0.00	0	0.00	-99.00	11.08	2.00
203912	232	285463470	47.94	52.36	1	0.00	-99.00	17.85	42.77
203912	232	285485430	29.33	0.00	1	0.00	-99.00	38.27	64.46
203912	232	285540430	42.03	76.19	1	0.00	-99.00	15.23	46.75
203912	232	285705934	24.66	0.00	1	0.00	-99.00	18.34	41.15
203912	232	286203358	22.29	76.62	1	0.00	-99.00	9.32	17.55
203912	232	286289720	35.07	0.00	1	0.00	-99.00	50.98	79.13
203912	232	285336465	144.54	89.15	1	0.00	-99.00	39.04	137.59
203912	232	285816649	25.92	0.00	1	0.00	-99.00	34.50	25.67
203912	232	286249355	47.44	44.23	1	0.00	-99.00	37.13	51.89
203912	232	285437124	67.77	71.45	0	0.00	-99.00	30.90	91.43
203912	232	285579340	38.97	54.20	1	0.00	-99.00	41.29	77.00
203912	232	285982340	39.69	0.00	0	0.00	-99.00	26.75	56.41
203912	232	285945102	41.78	0.00	1	0.00	-99.00	31.29	69.62
203912	232	285330436	32.33	0.00	1	0.00	-99.00	19.59	16.54
203912	232	285236772	176.21	295.03	1	0.00	-99.00	65.17	48.04
203912	232	285382044	23.34	0.00	1	0.00	-99.00	24.32	47.55
203912	232	285718460	42.18	0.00	1	0.00	-99.00	30.67	0.74
203912	232	285226210	49.57	47.83	1	0.00	-99.00	1.08	11.30
203912	232	285479082	35.60	0.00	1	0.00	-99.00	26.94	43.11
203912	232	285371775	23.38	68.74	1	0.00	-99.00	46.77	61.54
203912	232	285622975	58.97	0.00	1	0.00	-99.00	57.10	53.60
203912	232	286051359	55.25	40.30	0	0.00	-99.00	23.08	56.00
203912	232	286096351	57.03	81.67	0	0.00	-99.00	55.61	3.15
203912	232	286282561	37.07	0.00	1	0.00	-99.00	38.01	12.29
203912	232	285210671	25.42	0.00	0	0.00	-99.00	13.79	36.10
203912	232	285300223	60.72	133.73	1	0.00	-99.00	42.00	100.89
203912	232	285622207	29.42	40.72	1	0.00	-99.00	17.83	32.26
203912	232	285753815	105.34	0.00	1	0.00	-99.00	4.55	43.23
203912	232	286213223	36.04	0.00	1	0.00	-99.00	30.68	60.92
203912	232	285657536	44.42	0.00	0	0.00	-99.00	24.18	64.83
203912	232	285762648	58.06	0.00	1	0.00	-99.00	40.97	96.37
203912	232	285962152	58.59	57.74	1	0.00	-99.00	35.92	77.73
203912	232	286050304	39.54	0.00	1	0.00	-99.00	30.87	65.38
203912	232	285854357	24.01	0.00	0	0.00	-99.00	43.77	59.22
203912	232	286117317	21.25	58.54	0	0.00	-99.00	31.44	51.48
203912	232	286196581	54.15	50.25	0	0.00	-99.00	21.63	64.77
203912	233	286348974	43.84	0.00	1	0.00	-99.00	33.48	23.73
203912	233	286449830	52.87	61.32	1	0.00	-99.00	22.46	55.67
203912	233	286891142	61.84	67.50	1	0.00	-99.00	27.92	11.64
203912	233	287071758	23.03	0.00	1	0.00	-99.00	61.36	74.31
203912	233	287057454	27.76	92.32	1	0.00	-99.00	107.21	75.83
203912	233	286326718	79.04	65.91	0	0.00	-99.00	10.69	56.22
203912	233	287316957	46.49	44.31	1	0.00	-99.00	8.46	39.11
203912	233	286565907	37.80	0.00	1	0.00	-99.00	49.70	11.44
203912	233	286727899	47.03	0.00	1	0.00	-99.00	13.02	41.33
203912	233	286455677	43.02	0.00	1	0.00	-99.00	35.29	48.65
203912	233	286921757	32.65	0.00	1	0.00	-99.00	25.38	35.82
203912	233	287070069	39.19	0.00	1	0.00	-99.00	1.83	11.83
203912	233	287071037	38.61	0.00	1	0.00	-99.00	45.73	84.04
203912	233	287205973	40.92	0.00	1	0.00	-99.00	47.58	46.81
203912	233	286459335	40.01	0.00	0	0.00	-99.00	21.77	18.16
203912	233	286516631	44.04	43.86	1	0.00	-99.00	22.79	32.38
203912	233	286511711	26.94	0.00	0	0.00	-99.00	39.05	64.86
203912	233	286762303	22.60	42.70	0	0.00	-99.00	35.71	4.71
203912	233	286888799	20.68	0.00	1	0.00	-99.00	36.06	39.65
203912	233	286833431	42.24	44.74	1	0.00	-99.00	23.95	61.90
203912	233	286600025	33.47	64.21	1	0.00	-99.00	16.55	33.55
203912	233	287240105	83.30	88.31	1	0.00	-99.00	61.53	46.99
203912	233	287402632	24.01	0.00	1	0.00	-99.00	17.64	2.00
203912	233	286405485	56.70	46.00	1	0.00	-99.00	26.80	73.54
203912	233	286394845	42.56	0.00	1	0.00	-99.00	54.57	95.79
203912	233	286566213	42.96	48.29	1	0.00	-99.00	3.62	19.40
203912	233	286734869	42.05	48.15	1	0.00	-99.00	17.40	32.60
203912	233	286753533	39.33	41.14	1	0.00	-99.00	33.58	72.57
203912	233	286639941	113.50	62.98	1	0.00	-99.00	22.18	53.22
203912	233	287104645	33.68	61.95	1	0.00	-99.00	31.73	44.93
203912	233	286332840	37.08	0.00	1	0.00	-99.00	36.72	32.76
203912	233	286700072	27.24	0.00	0	0.00	-99.00	12.08	35.84
203912	233	286660560	37.19	73.12	0	0.00	-99.00	34.55	11.73
203912	233	286793488	43.63	0.00	0	0.00	-99.00	25.79	66.25
203912	233	287275736	25.21	0.00	1	0.00	-99.00	49.98	70.86
203912	233	287397807	29.69	61.37	1	0.00	-99.00	24.97	23.54
203912	233	286579186	53.40	75.81	0	0.00	-99.00	34.79	79.06
203912	233	286923162	26.11	0.00	1	0.00	-99.00	56.18	59.16
203912	233	287075802	73.34	66.89	1	0.00	-99.00	7.25	45.20
203912	233	287053898	93.71	130.11	0	0.00	-99.00	18.53	57.36
203912	233	286432212	49.31	49.85	1	0.00	-99.00	23.77	56.97
203912	233	286575204	43.42	90.78	1	0.00	-99.00	77.62	11.93
203912	233	286957060	41.69	53.58	1	0.00	-99.00	21.23	0.88
203912	233	287146940	43.79	49.04	1	0.00	-99.00	16.90	53.15
203912	233	286445386	44.29	59.28	0	0.00	-99.00	27.48	24.87
203912	233	286839986	32.35	0.00	1	0.00	-99.00	25.37	54.19
203912	233	286468252	71.51	89.91	0	0.00	-99.00	15.08	37.24
203912	233	286600516	41.23	0.00	1	0.00	-99.00	27.96	67.80
203912	233	286816956	46.25	67.51	0	0.00	-99.00	26.27	25.32
203912	233	286944172	65.80	113.64	1	0.00	-99.00	29.12	87.23
203912	233	287161196	55.50	43.78	1	0.00	-99.00	11.21	46.14
203912	233	286471033	56.38	0.00	1	0.00	-99.00	12.71	13.16
203912	233	286654681	36.66	0.00	1	0.00	-99.00	10.33	13.86
203912	233	286873049	31.25	126.22	1	0.00	-99.00	86.69	42.09
203912	233	286968777	61.21	68.95	1	0.00	-99.00	34.87	23.11
203912	233	286559615	31.42	53.44	0	0.00	-99.00	1.60	14.19
203912	233	286758231	38.33	40.78	1	0.00	-99.00	32.97	47.61
203912	233	286739847	40.03	55.65	1	0.00	-99.00	35.72	73.87
203912	233	286806831	31.78	0.00	0	0.00	-99.00	14.76	42.05
203912	233	287087975	48.49	54.05	1	0.00	-99.00	10.62	42.76
203912	233	287334718	28.04	0.00	1	0.00	-99.00	18.38	44.85
203912	233	286321288	52.28	61.28	0	0.00	-99.00	16.59	37.54
203912	233	286911608	96.19	153.45	0	0.00	-99.00	53.52	43.50
203912	233	287174584	24.99	81.48	1	0.00	-99.00	75.95	58.75
203912	233	287402479	27.99	0.00	1	0.00	-99.00	22.21	43.36
203912	233	286394123	22.90	0.00	0	0.00	-99.00	38.78	50.17
203912	233	286472995	40.28	0.00	0	0.00	-99.00	34.56	42.88
203912	233	286595995	75.83	68.41	1	0.00	-99.00	28.97	92.99
203912	233	286734115	28.13	0.00	1	0.00	-99.00	9.83	26.90
203912	233	286816651	45.38	46.10	1	0.00	-99.00	16.81	35.39
203912	233	287393162	40.87	0.00	1	0.00	-99.00	4.94	19.20
203912	234	287676554	35.79	0.00	1	0.00	-99.00	14.28	43.10
203912	234	287861746	20.15	47.53	1	0.00	-99.00	7.60	24.30
203912	234	287981154	35.50	0.00	1	0.00	-99.00	44.67	78.62
203912	234	288122298	31.45	0.00	1	0.00	-99.00	23.80	53.76
203912	234	287824818	26.46	52.28	0	0.00	-99.00	4.83	7.19
203912	234	288163026	34.75	0.00	0	0.00	-99.00	20.02	52.75
203912	234	288276210	30.20	58.33	0	0.00	-99.00	38.58	62.34
203912	234	287519852	39.54	60.21	0	0.00	-99.00	17.50	20.59
203912	234	287617796	46.18	50.45	1	0.00	-99.00	28.02	53.13
203912	234	287898052	56.81	0.00	1	0.00	-99.00	26.55	16.79
203912	234	287922652	30.89	0.00	1	0.00	-99.00	19.33	41.64
203912	234	288433508	32.49	0.00	1	0.00	-99.00	38.14	15.47
203912	234	288519956	41.59	41.62	1	0.00	-99.00	32.39	72.19
203912	234	287717808	40.37	48.54	1	0.00	-99.00	9.78	36.61
203912	234	288062144	23.48	121.46	0	0.00	-99.00	21.24	6.41
203912	234	288533296	72.12	66.99	1	0.00	-99.00	28.35	89.81
203912	234	288114956	43.03	0.00	1	0.00	-99.00	51.07	80.60
203912	234	288077748	49.06	52.37	0	0.00	-99.00	39.53	50.38
203912	234	288506556	26.27	0.00	1	0.00	-99.00	18.83	4.87
203912	234	287732413	23.47	50.31	0	0.00	-99.00	39.12	36.54
203912	234	287788517	31.00	0.00	1	0.00	-99.00	11.75	38.05
203912	234	287842213	35.98	0.00	0	0.00	-99.00	20.01	43.51
203912	234	288231709	28.44	0.00	1	0.00	-99.00	37.52	65.31
203912	234	287575598	30.34	0.00	1	0.00	-99.00	29.90	58.18
203912	234	287732966	32.51	0.00	1	0.00	-99.00	16.34	0.15
203912	234	287820014	20.61	0.00	1	0.00	-99.00	23.00	10.39
203912	234	287802838	43.92	47.22	1	0.00	-99.00	31.06	72.51
203912	234	288318070	24.04	0.00	0	0.00	-99.00	17.64	24.90
203912	234	288368118	21.81	86.92	0	0.00	-99.00	34.52	43.27
203912	234	287487011	40.23	0.00	0	0.00	-99.00	10.45	36.12
203912	234	287910915	42.32	53.51	1	0.00	-99.00	22.60	14.87
203912	234	288184939	27.06	0.00	0	0.00	-99.00	37.00	61.16
203912	234	288377243	41.09	0.00	1	0.00	-99.00	0.72	4.29
203912	234	288383987	41.53	0.00	1	0.00	-99.00	25.00	47.33
203912	234	288234033	58.05	88.82	0	0.00	-99.00	15.21	53.65
203912	234	287561784	25.74	56.67	0	0.00	-99.00	36.58	9.92
203912	234	287606376	28.54	62.57	0	0.00	-99.00	35.81	18.27
203912	234	287618112	73.40	61.76	1	0.00	-99.00	22.30	80.03
203912	234	288044640	41.61	90.95	0	0.00	-99.00	17.14	53.14
203912	234	288382216	36.83	0.00	1	0.00	-99.00	45.36	26.78
203912	234	287622871	38.17	42.98	1	0.00	-99.00	18.29	19.23
203912	234	287611711	39.23	61.88	1	0.00	-99.00	61.70	52.04
203912	234	287879223	26.83	45.13	0	0.00	-99.00	26.62	33.30
203912	234	288115735	22.98	40.92	1	0.00	-99.00	16.26	16.04
203912	234	288338415	29.39	63.85	1	0.00	-99.00	45.79	21.90
203912	234	288404775	23.52	0.00	0	0.00	-99.00	34.83	56.91
203912	234	287661255	165.65	69.51	1	0.00	-99.00	15.19	100.23
203912	234	287654959	26.91	0.00	0	0.00	-99.00	8.86	6.23
203912	234	288268279	43.78	0.00	1	0.00	-99.00	35.37	78.56
203912	234	288463767	41.70	0.00	1	0.00	-99.00	45.40	85.85
203912	234	287598501	48.51	47.31	1	0.00	-99.00	14.69	25.04
203912	234	287898593	41.90	47.63	1	0.00	-99.00	20.95	21.92
203912	234	288436929	44.53	0.00	1	0.00	-99.00	33.78	77.51
203912	234	288480913	58.47	0.00	1	0.00	-99.00	6.71	2.43
203912	234	288220971	41.95	50.07	1	0.00	-99.00	34.10	67.87
203912	234	288436571	27.81	0.00	1	0.00	-99.00	11.77	28.92
203912	235	289571473	47.87	44.90	1	0.00	-99.00	6.58	34.07
203912	235	288893642	43.75	44.04	1	0.00	-99.00	21.16	44.26
203912	235	288576346	31.89	0.00	1	0.00	-99.00	47.93	77.90
203912	235	288667266	34.72	0.00	1	0.00	-99.00	14.99	36.10
203912	235	288995818	25.19	53.33	0	0.00	-99.00	18.53	21.42
203912	235	288932927	41.49	0.00	1	0.00	-99.00	59.95	99.54
203912	235	289600319	42.33	79.11	0	0.00	-99.00	13.46	8.40
203912	235	288981495	52.13	0.00	1	0.00	-99.00	13.74	44.77
203912	235	289114655	58.57	46.77	0	0.00	-99.00	26.45	57.87
203912	235	288969161	39.08	0.00	1	0.00	-99.00	29.10	64.94
203912	235	289626673	97.57	73.56	1	0.00	-99.00	7.38	53.58
203912	235	288826069	60.72	43.86	1	0.00	-99.00	19.49	68.27
203912	235	289198253	32.93	59.07	1	0.00	-99.00	109.90	73.36
203912	235	289538789	27.81	158.65	1	0.00	-99.00	41.28	59.74
203912	235	288574392	24.91	0.00	1	0.00	-99.00	19.45	42.83
203912	235	288874440	58.39	0.00	0	0.00	-99.00	47.37	13.22
203912	235	289014304	43.92	0.00	1	0.00	-99.00	15.17	16.50
203912	235	289002768	128.05	217.38	0	0.00	-99.00	34.50	130.91
203912	235	289365240	49.87	42.89	1	0.00	-99.00	15.86	48.09
203912	235	288863328	28.48	64.79	0	0.00	-99.00	28.67	43.82
203912	235	288909480	51.76	44.57	1	0.00	-99.00	36.49	80.03
203912	235	289279424	51.06	45.01	1	0.00	-99.00	11.13	17.45
203912	235	288794347	40.15	0.00	1	0.00	-99.00	35.39	67.30
203912	235	288907323	32.03	0.00	1	0.00	-99.00	8.96	11.15
203912	235	288561518	52.66	47.57	0	0.00	-99.00	30.37	72.83
203912	235	288638230	38.77	44.39	1	0.00	-99.00	11.51	21.45
203912	235	288995102	32.61	44.22	1	0.00	-99.00	4.83	13.13
203912	235	289117302	30.17	0.00	0	0.00	-99.00	25.33	44.58
203912	235	289517822	56.27	0.00	1	0.00	-99.00	54.41	100.64
203912	235	289462604	25.96	40.87	0	0.00	-99.00	13.24	33.30
203912	235	289634852	25.74	0.00	0	0.00	-99.00	25.15	13.79
203912	235	288575302	25.31	40.73	1	0.00	-99.00	20.52	22.98
203912	235	288556758	42.72	0.00	1	0.00	-99.00	32.89	26.76
203912	235	289552902	29.87	0.00	1	0.00	-99.00	47.29	74.73
203912	235	289575366	52.80	0.00	1	0.00	-99.00	21.01	24.76
203912	235	288687117	24.85	0.00	1	0.00	-99.00	5.23	3.35
203912	235	288749165	28.10	48.50	1	0.00	-99.00	26.76	3.94
203912	235	288744645	91.89	59.66	1	0.00	-99.00	18.55	43.62
203912	235	288941637	26.44	0.00	1	0.00	-99.00	48.44	22.13
203912	235	289239853	99.10	152.55	1	0.00	-99.00	23.26	61.31
203912	235	289403901	75.98	50.50	1	0.00	-99.00	13.39	32.25
203912	236	289789660	26.18	0.00	0	0.00	-99.00	23.11	36.20
203912	236	290055308	255.10	244.29	1	0.00	-99.00	51.09	25.38
203912	236	290713628	39.66	0.00	1	0.00	-99.00	31.17	38.74
203912	236	290721148	48.47	0.00	1	0.00	-99.00	7.15	32.42
203912	236	289781073	38.49	62.91	1	0.00	-99.00	15.41	26.82
203912	236	289995025	40.77	0.00	1	0.00	-99.00	3.81	20.44
203912	236	290028177	52.59	60.15	0	0.00	-99.00	27.14	65.66
203912	236	290489233	35.64	63.78	1	0.00	-99.00	44.10	74.70
203912	236	290718345	41.90	0.00	1	0.00	-99.00	28.96	26.48
203912	236	290729657	62.43	65.44	0	0.00	-99.00	8.32	3.41
203912	236	290030421	51.00	0.00	1	0.00	-99.00	28.45	57.14
203912	236	290100605	41.32	153.57	1	0.00	-99.00	68.73	50.53
203912	236	290232813	50.48	0.00	1	0.00	-99.00	21.51	43.25
203912	236	290491629	38.89	75.58	1	0.00	-99.00	15.85	22.98
203912	236	290566613	28.39	0.00	0	0.00	-99.00	9.93	27.20
203912	236	290656293	45.50	0.00	1	0.00	-99.00	48.68	93.15
203912	236	290383393	37.16	54.31	1	0.00	-99.00	30.72	62.88
203912	236	290653113	71.77	0.00	1	0.00	-99.00	21.40	76.49
203912	236	289847231	53.92	0.00	1	0.00	-99.00	42.85	49.51
203912	236	289842527	84.93	127.96	1	0.00	-99.00	9.63	46.45
203912	236	290514359	25.19	0.00	1	0.00	-99.00	3.57	13.76
203912	236	290752863	31.37	49.18	1	0.00	-99.00	64.32	89.82
203912	236	289955520	34.33	53.30	1	0.00	-99.00	37.29	49.78
203912	236	289992088	45.05	44.83	1	0.00	-99.00	18.82	57.98
203912	236	290132520	29.39	0.00	1	0.00	-99.00	22.00	15.58
203912	236	290448227	34.87	0.00	1	0.00	-99.00	37.25	62.39
203912	236	290472523	26.91	42.77	1	0.00	-99.00	21.30	20.73
203912	236	290303290	74.25	70.67	1	0.00	-99.00	53.41	77.61
203912	236	290675322	21.89	0.00	1	0.00	-99.00	26.26	35.76
203912	236	290726458	42.87	47.80	1	0.00	-99.00	12.50	34.34
203912	236	290389602	42.28	41.25	1	0.00	-99.00	24.43	23.36
203912	236	289793712	21.84	49.13	1	0.00	-99.00	9.75	13.21
203912	236	289935104	41.98	47.00	0	0.00	-99.00	36.38	44.84
203912	236	290535424	29.47	73.32	0	0.00	-99.00	11.51	15.12
203912	236	290724248	37.73	45.38	1	0.00	-99.00	18.48	21.23
203912	236	290172982	26.82	72.63	0	0.00	-99.00	21.17	16.01
203912	236	290304414	43.89	48.17	1	0.00	-99.00	23.15	52.26
203912	236	290728582	60.19	0.00	0	0.00	-99.00	13.08	44.69
203912	236	289705915	44.05	52.38	1	0.00	-99.00	11.98	0.05
203912	236	289740163	28.87	0.00	1	0.00	-99.00	19.68	22.21
203912	236	289687339	32.33	70.68	1	0.00	-99.00	9.98	24.82
203912	236	289895403	20.65	0.00	0	0.00	-99.00	7.88	9.17
203912	236	289908123	32.65	0.00	1	0.00	-99.00	4.99	3.54
203912	236	290413019	34.48	0.00	0	0.00	-99.00	28.20	17.92
203912	236	289678847	46.13	0.00	1	0.00	-99.00	11.94	20.89
203912	236	289706503	42.40	53.62	1	0.00	-99.00	16.37	42.16
203912	236	289820239	38.37	0.00	1	0.00	-99.00	5.58	27.38
203912	236	289868063	21.81	0.00	1	0.00	-99.00	25.69	47.31
203912	236	290151703	32.31	0.00	1	0.00	-99.00	27.35	31.32
203912	236	290543079	57.49	77.97	0	0.00	-99.00	22.48	63.67
203912	236	289768501	54.98	76.20	1	0.00	-99.00	43.55	2.14
203912	236	290166501	38.15	0.00	1	0.00	-99.00	5.01	6.33
203912	236	290366693	56.54	0.00	1	0.00	-99.00	7.68	41.15
203912	236	290373437	115.90	91.05	1	0.00	-99.00	8.56	62.42
203912	236	290007430	32.41	0.00	0	0.00	-99.00	24.61	7.94
203912	236	290016014	26.97	0.00	1	0.00	-99.00	18.94	40.10
203912	236	290196406	28.30	0.00	1	0.00	-99.00	15.70	39.07
203912	236	290449278	37.77	55.54	1	0.00	-99.00	9.58	14.96
203912	236	289755556	42.25	0.00	1	0.00	-99.00	37.71	78.61
203912	236	289889284	40.07	0.00	1	0.00	-99.00	62.61	97.34
203912	237	290853816	57.17	53.93	0	0.00	-99.00	41.18	56.15
203912	237	291259087	22.01	88.18	0	0.00	-99.00	20.49	39.04
203912	237	291457503	26.51	0.00	1	0.00	-99.00	9.91	9.48
203912	237	291052034	121.37	130.67	1	0.00	-99.00	8.54	60.10
203912	237	291222554	21.48	71.92	0	0.00	-99.00	13.75	34.06
203912	237	291227234	43.03	75.70	1	0.00	-99.00	3.65	12.42
203912	237	291504801	41.21	45.45	0	0.00	-99.00	23.52	37.28
203912	237	291526189	46.69	84.48	1	0.00	-99.00	124.26	134.38
203912	237	290822221	34.14	0.00	1	0.00	-99.00	10.76	29.10
203912	237	290885613	46.00	0.00	1	0.00	-99.00	8.74	34.29
203912	237	291243997	45.68	0.00	1	0.00	-99.00	17.96	36.94
203912	237	291323940	50.41	0.00	1	0.00	-99.00	42.39	35.07
203912	237	291822312	40.50	0.00	1	0.00	-99.00	4.32	22.78
203912	237	290808430	47.73	66.57	0	0.00	-99.00	9.06	34.81
203912	237	290872326	33.92	0.00	1	0.00	-99.00	69.22	95.43
203912	237	290918308	36.42	64.21	1	0.00	-99.00	28.07	60.01
203912	237	291752471	42.08	47.31	1	0.00	-99.00	8.10	5.46
203912	237	291808951	38.33	52.54	1	0.00	-99.00	12.41	41.39
203912	237	291832879	26.69	0.00	1	0.00	-99.00	22.25	41.40
203912	237	290869327	58.19	41.77	1	0.00	-99.00	9.93	10.07
203912	237	290853679	40.12	0.00	1	0.00	-99.00	64.77	97.83
203912	237	290852495	64.24	90.17	0	0.00	-99.00	16.21	52.84
203912	237	291224047	58.04	0.00	1	0.00	-99.00	33.11	28.07
203912	237	290854380	22.91	42.60	1	0.00	-99.00	35.47	56.97
203912	237	291314259	69.01	0.00	1	0.00	-99.00	23.64	15.08
203912	237	291256105	30.70	107.79	1	0.00	-99.00	14.07	20.33
203912	237	291845557	43.90	0.00	1	0.00	-99.00	3.73	1.10
203912	237	290820041	42.33	105.96	0	0.00	-99.00	9.74	38.77
203912	237	291200321	29.34	0.00	1	0.00	-99.00	32.67	45.16
203912	237	291198337	75.29	61.26	1	0.00	-99.00	52.37	121.80
203912	237	291398360	48.85	0.00	0	0.00	-99.00	27.73	69.69
203912	237	291416240	58.12	0.00	1	0.00	-99.00	26.29	45.96
203912	237	290878000	56.80	0.00	1	0.00	-99.00	14.51	54.85
203912	237	291285047	46.74	59.43	1	0.00	-99.00	38.81	81.60
203912	237	291372567	37.61	0.00	1	0.00	-99.00	15.21	36.08
203912	237	290875039	66.28	69.57	0	0.00	-99.00	28.42	66.21
203912	237	291399070	34.36	45.57	1	0.00	-99.00	44.58	44.19
203912	237	291601658	58.12	43.16	1	0.00	-99.00	28.52	45.84
203912	237	291624370	44.05	42.78	1	0.00	-99.00	39.54	44.38
203912	237	291835458	24.15	0.00	1	0.00	-99.00	12.11	26.16
203912	237	291886618	28.47	0.00	1	0.00	-99.00	38.55	61.77
203912	237	291565076	30.18	0.00	1	0.00	-99.00	45.29	73.77
203912	237	291570548	33.75	46.84	1	0.00	-99.00	23.37	0.54
203912	237	291906420	24.99	0.00	1	0.00	-99.00	15.55	32.13
203912	237	290907494	55.41	55.47	0	0.00	-99.00	13.58	31.51
203912	237	290928446	98.84	0.00	1	0.00	-99.00	37.31	78.37
203912	237	291860409	30.56	43.97	1	0.00	-99.00	10.91	22.70
203912	237	291055621	99.30	139.93	1	0.00	-99.00	17.08	20.61
203912	237	291248085	44.16	52.72	1	0.00	-99.00	46.69	78.48
203912	237	291661024	41.01	0.00	1	0.00	-99.00	44.13	78.63
203912	237	291861320	34.66	0.00	1	0.00	-99.00	38.36	68.55
203912	237	290795011	57.59	56.83	1	0.00	-99.00	31.78	48.91
203912	237	291071163	20.94	0.00	1	0.00	-99.00	9.65	25.88
203912	237	291215851	35.98	0.00	0	0.00	-99.00	25.75	59.41
203912	237	291424074	47.08	46.77	1	0.00	-99.00	37.04	41.54
203912	237	291519082	29.50	0.00	1	0.00	-99.00	5.14	4.16
203912	237	291604502	56.57	44.87	0	0.00	-99.00	19.26	10.79
203912	237	291787382	113.68	123.91	1	0.00	-99.00	24.29	102.87
203912	238	292105571	30.02	49.86	1	0.00	-99.00	26.30	35.18
203912	238	292177843	36.20	0.00	1	0.00	-99.00	79.53	101.73
203912	238	292276371	45.29	0.00	0	0.00	-99.00	14.49	14.96
203912	238	292338259	45.68	0.00	1	0.00	-99.00	11.21	20.94
203912	238	292774499	24.66	96.95	0	0.00	-99.00	17.98	40.44
203912	238	293020595	26.83	43.61	1	0.00	-99.00	25.47	24.60
203912	238	292736738	87.82	97.11	1	0.00	-99.00	8.89	18.39
203912	238	292788162	36.12	0.00	1	0.00	-99.00	28.08	46.30
203912	238	292205792	50.45	116.76	0	0.00	-99.00	8.03	11.01
203912	238	292434840	25.22	0.00	1	0.00	-99.00	49.64	70.30
203912	238	292477624	22.07	50.59	1	0.00	-99.00	18.36	35.40
203912	238	291986623	35.52	54.24	0	0.00	-99.00	44.97	39.62
203912	238	292074217	49.09	74.58	0	0.00	-99.00	44.42	71.06
203912	238	292118673	51.14	48.79	1	0.00	-99.00	58.76	107.26
203912	238	292168401	46.40	51.71	1	0.00	-99.00	7.82	19.00
203912	238	292434345	45.00	150.57	1	0.00	-99.00	81.29	45.15
203912	238	292726481	32.55	0.00	1	0.00	-99.00	39.41	67.72
203912	238	291986012	94.83	91.48	1	0.00	-99.00	31.67	62.41
203912	238	292017652	102.68	93.30	1	0.00	-99.00	30.11	48.72
203912	238	292150012	41.17	49.48	1	0.00	-99.00	42.81	73.93
203912	238	292262988	37.48	57.24	1	0.00	-99.00	37.60	29.51
203912	238	292334492	40.79	0.00	0	0.00	-99.00	6.72	13.13
203912	238	292626348	41.64	0.00	1	0.00	-99.00	16.42	49.60
203912	238	292718988	43.74	0.00	1	0.00	-99.00	46.59	89.90
203912	238	292878700	57.33	50.17	1	0.00	-99.00	13.70	45.29
203912	238	292045066	81.64	102.24	0	0.00	-99.00	19.12	59.06
203912	238	292031730	28.38	0.00	1	0.00	-99.00	19.58	43.74
203912	238	292609098	22.10	0.00	1	0.00	-99.00	10.78	20.98
203912	238	292262631	40.42	48.85	1	0.00	-99.00	47.19	87.33
203912	238	292947359	46.68	0.00	1	0.00	-99.00	45.96	37.11
203912	238	291969340	28.15	60.83	0	0.00	-99.00	55.81	74.14
203912	238	292173516	58.96	82.13	0	0.00	-99.00	9.41	9.10
203912	238	292186988	43.20	0.00	1	0.00	-99.00	25.56	19.02
203912	238	292580116	50.04	50.12	1	0.00	-99.00	13.81	23.87
203912	238	292254573	50.45	76.96	0	0.00	-99.00	19.87	0.79
203912	238	293001789	27.96	186.53	0	0.00	-99.00	22.41	47.69
203912	238	292122803	39.06	0.00	0	0.00	-99.00	25.66	49.36
203912	238	292136155	20.86	0.00	1	0.00	-99.00	19.21	34.36
203912	238	292181467	41.14	0.00	0	0.00	-99.00	27.87	3.74
203912	238	292020758	56.63	123.71	1	0.00	-99.00	37.91	9.89
203912	238	292139558	30.56	0.00	1	0.00	-99.00	40.25	59.91
203912	238	292236006	68.26	40.40	0	0.00	-99.00	19.68	63.23
203912	238	292295030	26.57	0.00	0	0.00	-99.00	19.44	8.46
203912	238	292173238	38.08	63.40	0	0.00	-99.00	55.33	48.47
203912	238	292318702	24.29	109.10	0	0.00	-99.00	33.77	21.30
203912	238	292523534	36.04	151.09	0	0.00	-99.00	41.15	50.75
203912	238	292126686	96.18	79.20	1	0.00	-99.00	29.24	54.12
203912	238	292270510	38.35	0.00	1	0.00	-99.00	20.68	44.86
203912	238	292451902	30.96	51.70	1	0.00	-99.00	6.00	21.90
203912	238	292845294	36.90	0.00	1	0.00	-99.00	12.23	4.00
203912	238	292999926	30.78	54.18	1	0.00	-99.00	30.57	40.79
203912	238	292022296	45.18	43.92	1	0.00	-99.00	14.47	41.22
203912	238	292229192	28.86	0.00	1	0.00	-99.00	44.22	71.45
203912	238	292244840	49.25	59.49	1	0.00	-99.00	21.71	48.95
203912	238	292379736	39.79	0.00	0	0.00	-99.00	31.96	70.75
203912	238	292533664	32.88	42.87	0	0.00	-99.00	29.09	7.68
203912	238	292029065	54.76	64.46	1	0.00	-99.00	40.26	79.20
203912	238	292256713	20.96	67.74	1	0.00	-99.00	57.91	24.62
203912	238	292198593	130.68	146.24	1	0.00	-99.00	31.02	81.27
203912	238	292646353	29.68	43.10	1	0.00	-99.00	27.47	56.68
203912	238	292746329	42.48	52.97	1	0.00	-99.00	23.41	41.48
203912	238	292336333	24.27	0.00	1	0.00	-99.00	11.95	33.31
203912	238	292497821	37.97	0.00	0	0.00	-99.00	6.44	24.11
203912	238	292666005	51.28	43.83	1	0.00	-99.00	36.56	74.43
203912	238	292725901	31.67	0.00	1	0.00	-99.00	42.25	68.17
203912	239	293166983	44.74	47.58	1	0.00	-99.00	12.82	32.77
203912	239	294003863	37.30	0.00	1	0.00	-99.00	20.14	45.77
203912	239	293225813	39.55	67.62	1	0.00	-99.00	32.23	51.36
203912	239	293483365	35.32	67.66	1	0.00	-99.00	15.77	27.38
203912	239	293469005	91.55	73.98	1	0.00	-99.00	31.37	75.56
203912	239	293304565	38.05	96.56	0	0.00	-99.00	7.53	33.82
203912	239	293575597	43.34	0.00	1	0.00	-99.00	19.41	38.84
203912	239	293986229	76.60	73.55	1	0.00	-99.00	6.30	6.21
203912	239	294082981	27.20	68.83	0	0.00	-99.00	9.44	21.71
203912	239	293147836	35.56	84.62	0	0.00	-99.00	4.46	0.09
203912	239	293334036	43.96	55.78	1	0.00	-99.00	8.22	26.14
203912	239	293453460	43.60	47.62	1	0.00	-99.00	12.06	44.99
203912	239	293852500	39.10	53.32	0	0.00	-99.00	25.88	56.43
203912	239	294076980	30.29	0.00	1	0.00	-99.00	19.94	29.98
203912	239	293189111	24.73	0.00	1	0.00	-99.00	42.63	47.54
203912	239	293792591	42.92	43.48	1	0.00	-99.00	14.94	42.19
203912	239	294052295	43.76	42.59	1	0.00	-99.00	69.26	109.62
203912	239	293106905	58.55	62.28	0	0.00	-99.00	42.12	75.07
203912	239	293598873	32.68	0.00	1	0.00	-99.00	29.88	22.54
203912	239	293043228	32.85	0.00	1	0.00	-99.00	7.02	30.19
203912	239	293028876	24.55	44.62	1	0.00	-99.00	4.24	7.52
203912	239	293228844	85.18	0.00	1	0.00	-99.00	60.53	142.28
203912	239	293164942	38.22	53.56	0	0.00	-99.00	39.12	28.09
203912	239	293401598	26.43	0.00	1	0.00	-99.00	27.79	54.20
203912	239	293537606	79.87	103.34	0	0.00	-99.00	8.04	37.14
203912	239	294076454	28.94	49.80	1	0.00	-99.00	13.98	30.92
203912	239	293034470	21.28	0.00	1	0.00	-99.00	14.27	34.84
203912	239	293136678	24.01	0.00	1	0.00	-99.00	38.58	60.66
203912	239	293396078	77.71	67.20	1	0.00	-99.00	7.65	35.52
203912	239	293547694	29.01	0.00	1	0.00	-99.00	18.54	10.01
203912	239	293461013	37.64	0.00	1	0.00	-99.00	11.15	22.71
203912	239	293584029	40.11	0.00	1	0.00	-99.00	71.59	15.47
203912	239	293928645	63.52	0.00	1	0.00	-99.00	22.05	52.81
203912	239	293107131	31.47	58.36	1	0.00	-99.00	13.43	22.79
203912	239	293299979	45.74	99.36	1	0.00	-99.00	104.81	51.34
203912	239	293428523	30.09	0.00	1	0.00	-99.00	25.79	49.83
203912	239	294061763	44.10	78.05	0	0.00	-99.00	11.74	40.28
203912	239	293191579	34.93	44.64	0	0.00	-99.00	20.41	35.18
203912	239	293977875	24.67	0.00	1	0.00	-99.00	65.94	79.88
203912	239	294062243	22.46	54.72	0	0.00	-99.00	25.35	14.68
203912	239	294135227	77.90	54.40	1	0.00	-99.00	54.36	61.69
203912	239	293083017	23.14	240.69	1	0.00	-99.00	21.08	20.24
203912	239	293341945	25.57	0.00	1	0.00	-99.00	15.76	25.99
203912	239	293495505	47.62	62.38	1	0.00	-99.00	7.77	35.37
203912	239	294000465	40.95	52.68	1	0.00	-99.00	15.00	9.86
203912	239	293153824	63.87	73.97	0	0.00	-99.00	36.12	53.75
203912	239	293117568	27.39	0.00	1	0.00	-99.00	10.27	32.49
203912	239	294098840	56.84	90.82	1	0.00	-99.00	38.46	11.03
203912	239	293666218	37.91	0.00	1	0.00	-99.00	55.80	91.90
203912	239	293895434	51.51	0.00	1	0.00	-99.00	24.83	65.16
203912	239	293965426	37.41	0.00	0	0.00	-99.00	9.88	38.28
203912	239	294085282	35.07	68.85	0	0.00	-99.00	13.34	19.86
203912	239	293144338	51.17	40.01	1	0.00	-99.00	19.36	10.27
203912	239	293890842	35.11	0.00	1	0.00	-99.00	25.47	34.44
203912	239	293914298	28.00	0.00	0	0.00	-99.00	61.13	81.21
203912	239	293993826	80.56	0.00	0	0.00	-99.00	23.82	68.76
203912	239	294045802	20.68	64.38	0	0.00	-99.00	43.14	43.12
203912	239	294136666	43.25	0.00	1	0.00	-99.00	33.25	23.77
203912	239	293165504	130.19	56.35	1	0.00	-99.00	25.44	112.45
203912	239	293293832	53.39	61.03	1	0.00	-99.00	33.07	62.52
203912	239	293511832	136.79	138.37	0	0.00	-99.00	12.86	66.96
203912	239	293624888	37.42	172.98	0	0.00	-99.00	58.91	72.97
203912	239	293971944	48.55	63.37	0	0.00	-99.00	46.49	24.38
203912	239	294102024	32.57	63.98	1	0.00	-99.00	14.34	37.44
203912	240	294797693	44.02	0.00	1	0.00	-99.00	11.34	27.37
203912	240	295242253	70.81	69.70	0	0.00	-99.00	16.00	53.54
203912	240	294185058	36.33	0.00	1	0.00	-99.00	29.91	50.68
203912	240	294321458	31.78	0.00	1	0.00	-99.00	17.71	46.81
203912	240	294924394	71.83	0.00	1	0.00	-99.00	34.65	92.66
203912	240	294372579	43.52	0.00	1	0.00	-99.00	33.31	32.62
203912	240	294519467	87.36	94.05	0	0.00	-99.00	39.25	109.76
203912	240	294421479	21.15	0.00	1	0.00	-99.00	4.53	15.69
203912	240	294784959	21.32	59.54	1	0.00	-99.00	5.93	15.25
203912	240	294842135	32.79	0.00	0	0.00	-99.00	46.70	77.75
203912	240	294913615	56.96	0.00	1	0.00	-99.00	24.62	57.00
203912	240	295002991	21.19	0.00	1	0.00	-99.00	23.74	23.43
203912	240	295005487	51.04	0.00	1	0.00	-99.00	37.52	87.17
203912	240	295161583	50.24	111.73	0	0.00	-99.00	17.70	28.78
203912	240	294418028	37.78	0.00	1	0.00	-99.00	14.60	44.24
203912	240	294802316	47.93	61.26	0	0.00	-99.00	25.73	56.39
203912	240	294247938	39.53	0.00	1	0.00	-99.00	51.15	89.53
203912	240	294475610	23.24	0.00	0	0.00	-99.00	12.41	17.60
203912	240	294468258	43.37	42.26	1	0.00	-99.00	31.62	72.26
203912	240	294419170	46.06	54.82	0	0.00	-99.00	23.37	8.59
203912	240	294451234	26.46	0.00	1	0.00	-99.00	41.18	7.22
203912	240	294925106	79.59	58.56	1	0.00	-99.00	32.76	72.39
203912	240	294425006	36.63	69.24	0	0.00	-99.00	24.54	28.31
203912	240	294481742	36.12	58.35	1	0.00	-99.00	20.21	45.46
203912	240	294627526	66.74	49.72	1	0.00	-99.00	23.28	77.61
203912	240	295101230	40.61	0.00	1	0.00	-99.00	7.75	33.07
203912	240	295222750	37.50	0.00	1	0.00	-99.00	23.78	59.67
203912	240	294965003	50.55	68.75	1	0.00	-99.00	17.56	58.31
203912	240	295252747	176.21	152.51	1	0.00	-99.00	46.58	164.96
203912	240	294148313	48.61	0.00	1	0.00	-99.00	9.53	12.82
203912	240	294370105	31.01	0.00	1	0.00	-99.00	16.18	31.63
203912	240	294384945	45.67	49.85	0	0.00	-99.00	16.12	33.25
203912	240	294598041	65.43	119.03	0	0.00	-99.00	17.94	60.47
203912	240	294638585	35.66	0.00	0	0.00	-99.00	12.31	41.31
203912	240	294735593	26.66	0.00	1	0.00	-99.00	9.39	14.38
203912	240	294898105	27.98	0.00	1	0.00	-99.00	35.04	36.85
203912	240	294797321	142.00	129.13	0	0.00	-99.00	23.53	30.30
203912	240	294992113	54.85	73.61	0	0.00	-99.00	28.14	12.62
203912	240	294968281	110.92	133.70	1	0.00	-99.00	22.61	97.77
203912	240	295187257	33.90	0.00	1	0.00	-99.00	20.86	49.08
203912	240	295257369	34.13	0.00	1	0.00	-99.00	22.33	4.58
203912	240	294205928	29.52	0.00	0	0.00	-99.00	31.44	59.01
203912	240	294360824	25.55	66.55	0	0.00	-99.00	18.56	43.49
203912	240	294367992	38.22	49.39	1	0.00	-99.00	27.84	29.94
203912	240	294503104	44.62	50.75	1	0.00	-99.00	34.89	60.68
203912	240	294533920	45.39	44.02	1	0.00	-99.00	31.79	73.32
203912	240	294584944	27.15	0.00	1	0.00	-99.00	33.98	45.41
203912	240	294663096	93.92	0.00	0	0.00	-99.00	100.47	194.25
203912	240	294300744	38.47	0.00	1	0.00	-99.00	36.92	17.65
203912	240	294707848	55.21	0.00	0	0.00	-99.00	41.68	64.07
203912	240	294831840	38.37	61.33	1	0.00	-99.00	109.94	104.81
203912	240	295185168	33.27	0.00	1	0.00	-99.00	23.19	54.89
203912	240	294662415	29.46	46.48	0	0.00	-99.00	19.11	12.71
203912	240	295164119	53.06	107.79	0	0.00	-99.00	44.79	93.12
203912	240	294149036	40.81	49.58	0	0.00	-99.00	24.71	21.65
203912	240	294618572	50.74	0.00	1	0.00	-99.00	12.05	22.20
203912	240	295164052	57.02	68.91	1	0.00	-99.00	15.48	49.44
203912	240	294302894	26.68	0.00	1	0.00	-99.00	31.57	51.40
203912	240	294308214	81.40	0.00	1	0.00	-99.00	6.66	26.52
203912	240	294350310	28.86	0.00	1	0.00	-99.00	19.24	46.71
203912	240	294513230	84.39	50.06	1	0.00	-99.00	40.62	16.85
203912	240	294573126	30.64	0.00	1	0.00	-99.00	12.89	39.65
203912	240	294903086	32.26	0.00	1	0.00	-99.00	29.79	60.76
203912	240	295198078	87.53	93.91	1	0.00	-99.00	13.37	2.93
203912	240	295252246	54.38	82.23	0	0.00	-99.00	19.48	25.63
203912	245	299777319	45.61	0.00	1	0.00	-99.00	29.29	10.32
203912	245	299776927	72.33	0.00	0	0.00	-99.00	37.22	70.78
203912	245	299856159	32.73	42.32	0	0.00	-99.00	8.69	32.99
203912	245	300639143	40.34	68.04	0	0.00	-99.00	19.88	36.13
203912	245	299752696	40.97	0.00	1	0.00	-99.00	45.72	43.56
203912	245	299972704	37.90	0.00	1	0.00	-99.00	36.56	74.35
203912	245	300420232	36.67	0.00	1	0.00	-99.00	4.76	25.80
203912	245	299794542	43.17	129.27	1	0.00	-99.00	123.69	91.88
203912	245	300197614	31.49	0.00	1	0.00	-99.00	17.04	33.99
203912	245	300218334	55.63	42.17	0	0.00	-99.00	65.74	90.41
203912	245	300563078	31.61	0.00	1	0.00	-99.00	5.91	11.87
203912	245	300320795	120.83	85.12	1	0.00	-99.00	15.81	86.04
203912	245	300814523	41.63	58.90	1	0.00	-99.00	12.24	36.79
203912	245	299890067	38.42	0.00	0	0.00	-99.00	35.28	10.21
203912	245	299918827	26.99	0.00	1	0.00	-99.00	43.43	66.68
203912	245	300527419	29.74	0.00	1	0.00	-99.00	11.37	5.25
203912	245	300670355	23.90	42.78	0	0.00	-99.00	10.82	5.55
203912	245	300081798	57.82	0.00	1	0.00	-99.00	28.73	81.51
203912	245	300126446	35.54	0.00	1	0.00	-99.00	0.27	2.59
203912	245	300785758	46.31	0.00	1	0.00	-99.00	23.66	41.91
203912	245	300667221	41.96	0.00	1	0.00	-99.00	25.57	56.77
203912	245	300146345	39.61	0.00	0	0.00	-99.00	23.45	53.93
203912	245	300410393	27.58	50.49	0	0.00	-99.00	48.87	24.57
203912	245	300621681	20.70	42.41	0	0.00	-99.00	3.45	16.41
203912	245	300732137	33.39	0.00	1	0.00	-99.00	28.92	6.50
203912	245	300813913	28.41	0.00	1	0.00	-99.00	36.21	53.36
203912	245	300809537	69.88	67.57	1	0.00	-99.00	9.22	3.78
203912	245	300075005	62.23	0.00	1	0.00	-99.00	18.73	23.86
203912	245	300163165	28.47	0.00	1	0.00	-99.00	34.91	8.35
203912	245	299908415	27.62	0.00	0	0.00	-99.00	40.62	56.80
203912	245	300119639	36.95	75.98	1	0.00	-99.00	44.22	8.06
203912	245	300357639	41.28	0.00	0	0.00	-99.00	33.07	62.87
203912	245	299876865	29.71	49.67	1	0.00	-99.00	21.03	37.97
203912	245	300219817	36.79	68.89	0	0.00	-99.00	9.01	10.61
203912	245	300194553	36.96	61.67	1	0.00	-99.00	13.26	42.33
203912	245	300311457	27.84	0.00	0	0.00	-99.00	21.05	44.47
203912	245	300412916	20.44	0.00	1	0.00	-99.00	18.76	35.50
203912	245	300667244	41.75	0.00	1	0.00	-99.00	10.93	23.04
203912	245	300438324	144.40	74.21	0	0.00	-99.00	21.43	61.22
203912	245	300077236	34.40	57.69	1	0.00	-99.00	21.91	32.71
203912	245	300211772	42.53	0.00	1	0.00	-99.00	53.05	94.71
203912	245	300285644	41.33	0.00	1	0.00	-99.00	9.07	7.07
203912	245	300333788	51.96	0.00	1	0.00	-99.00	13.59	19.96
203912	245	300618956	60.79	51.60	1	0.00	-99.00	27.05	76.34
203912	245	299937338	51.90	48.40	1	0.00	-99.00	7.96	25.68
203912	245	300067194	84.45	91.22	0	0.00	-99.00	20.77	78.97
203912	245	300716530	45.79	0.00	1	0.00	-99.00	30.18	71.66
203912	245	300006016	84.24	0.00	0	0.00	-99.00	21.56	43.90
203912	245	300552936	45.72	54.01	0	0.00	-99.00	42.73	87.65
203912	245	300560144	47.40	0.00	1	0.00	-99.00	10.30	17.45
203912	257	313017792	86.82	0.00	0	0.00	-99.00	25.60	84.31
203912	257	313185608	30.94	0.00	1	0.00	-99.00	11.66	20.61
203912	257	313582456	33.29	0.00	1	0.00	-99.00	36.85	69.54
203912	257	313625344	26.90	0.00	1	0.00	-99.00	13.01	24.11
203912	257	313723016	130.14	136.73	1	0.00	-99.00	84.46	61.92
203912	257	313001571	45.74	54.04	1	0.00	-99.00	14.21	25.96
203912	257	313302443	33.97	43.41	1	0.00	-99.00	21.97	34.74
203912	257	313589251	34.65	0.00	1	0.00	-99.00	23.94	16.66
203912	257	313568451	53.85	0.00	1	0.00	-99.00	51.92	81.84
203912	257	313661987	82.34	46.88	0	0.00	-99.00	21.94	85.00
203912	257	313975707	37.83	0.00	1	0.00	-99.00	25.43	57.81
203912	257	313858451	46.05	0.00	1	0.00	-99.00	47.64	89.89
203912	257	313563465	37.61	0.00	1	0.00	-99.00	38.06	75.34
203912	257	313589433	34.57	0.00	1	0.00	-99.00	15.92	37.75
203912	257	313369554	45.70	0.00	1	0.00	-99.00	42.81	84.23
203912	257	313858698	32.30	63.23	0	0.00	-99.00	39.43	67.27
203912	257	313272167	42.88	0.00	1	0.00	-99.00	16.91	25.01
203912	257	313207421	43.43	0.00	1	0.00	-99.00	43.70	86.68
203912	257	313738661	27.66	0.00	1	0.00	-99.00	18.61	37.54
203912	257	313979581	34.47	77.10	1	0.00	-99.00	46.90	79.35
203912	257	313644518	42.33	47.55	1	0.00	-99.00	22.98	18.30
203912	257	314070838	54.29	82.21	1	0.00	-99.00	20.09	29.84
203912	257	313434724	46.64	0.00	1	0.00	-99.00	14.07	50.63
203912	257	313517572	65.38	59.48	1	0.00	-99.00	38.96	79.20
203912	257	313612676	41.87	65.47	1	0.00	-99.00	15.05	37.85
203912	257	313837924	33.36	0.00	1	0.00	-99.00	18.91	26.13
203912	257	313038866	23.77	0.00	0	0.00	-99.00	18.54	1.35
203912	257	313171530	61.01	60.58	1	0.00	-99.00	6.25	30.16
203912	257	313309074	25.25	108.01	0	0.00	-99.00	6.90	24.41
203912	257	313060581	21.29	60.59	0	0.00	-99.00	19.41	35.10
203912	257	313284327	42.37	0.00	1	0.00	-99.00	28.00	56.33
203912	257	313350711	24.74	98.01	0	0.00	-99.00	7.50	20.12
203912	257	313779063	32.19	65.55	1	0.00	-99.00	13.72	5.35
203912	257	313885719	30.44	0.00	1	0.00	-99.00	8.72	30.61
203912	257	313967959	27.08	54.93	0	0.00	-99.00	5.34	11.03
203912	257	313052081	41.49	80.39	1	0.00	-99.00	81.99	60.17
203912	257	313450649	33.16	41.52	1	0.00	-99.00	16.77	2.02
203912	257	313767737	111.88	78.44	1	0.00	-99.00	30.28	95.56
203912	257	313870321	208.27	287.56	0	0.00	-99.00	40.81	174.33
203912	257	313139144	21.31	57.26	0	0.00	-99.00	18.56	12.27
203912	257	313208648	21.92	57.64	1	0.00	-99.00	21.63	11.05
203912	257	313320088	26.75	56.40	0	0.00	-99.00	18.40	25.68
203912	257	313515772	32.18	0.00	1	0.00	-99.00	30.94	5.00
203912	257	313852444	30.89	0.00	1	0.00	-99.00	11.38	30.55
203912	257	313971508	54.46	0.00	1	0.00	-99.00	38.76	24.48
203912	257	313098422	38.05	50.47	0	0.00	-99.00	21.28	26.77
203912	259	315379724	39.28	60.48	1	0.00	-99.00	9.33	32.19
203912	259	315546540	30.33	0.00	1	0.00	-99.00	21.67	0.08
203912	259	315778268	45.38	44.67	1	0.00	-99.00	39.40	59.49
203912	259	315903636	43.22	0.00	0	0.00	-99.00	8.77	4.54
203912	259	316037060	40.65	0.00	1	0.00	-99.00	24.64	6.99
203912	259	315273278	28.87	0.00	1	0.00	-99.00	14.90	32.64
203912	259	315494102	63.73	44.75	1	0.00	-99.00	34.73	9.73
203912	259	315592070	41.23	71.67	1	0.00	-99.00	21.40	17.47
203912	259	315625774	36.88	0.00	0	0.00	-99.00	62.72	96.17
203912	259	316000286	35.69	44.07	0	0.00	-99.00	13.61	44.04
203912	259	315986606	47.08	0.00	1	0.00	-99.00	5.86	26.89
203912	259	315586421	42.33	0.00	1	0.00	-99.00	33.56	72.03
203912	259	315553557	38.74	52.31	1	0.00	-99.00	6.14	17.79
203912	259	315657701	37.73	0.00	1	0.00	-99.00	24.86	59.36
203912	259	315718165	36.64	0.00	1	0.00	-99.00	9.46	13.31
203912	259	315701101	29.97	0.00	1	0.00	-99.00	13.35	26.65
203912	259	315780261	29.82	0.00	1	0.00	-99.00	7.87	27.12
203912	259	315776997	49.39	53.63	1	0.00	-99.00	22.59	20.55
203912	259	316165341	44.82	0.00	1	0.00	-99.00	58.42	100.12
203912	259	316278965	26.64	0.00	0	0.00	-99.00	15.52	36.31
203912	259	315487161	37.64	90.27	1	0.00	-99.00	28.96	7.00
203912	259	315203182	31.71	0.00	0	0.00	-99.00	16.06	0.41
203912	259	315223118	24.66	0.00	0	0.00	-99.00	34.59	57.75
203912	259	315400254	83.73	80.35	0	0.00	-99.00	45.82	40.02
203912	259	316133094	25.88	0.00	0	0.00	-99.00	43.18	63.58
203912	259	316135974	49.52	96.79	1	0.00	-99.00	39.28	41.41
203912	259	315490932	30.07	42.64	1	0.00	-99.00	29.56	39.87
203912	259	315411444	39.18	57.24	1	0.00	-99.00	29.11	48.09
203912	259	315835924	41.90	0.00	1	0.00	-99.00	13.11	29.20
203912	259	315852252	31.38	0.00	1	0.00	-99.00	39.06	43.32
203912	259	316244772	51.87	0.00	1	0.00	-99.00	9.27	42.92
203912	259	315236981	38.50	67.43	0	0.00	-99.00	8.06	23.70
203912	259	315370413	20.68	0.00	1	0.00	-99.00	40.36	56.04
203912	259	315816005	76.34	77.09	1	0.00	-99.00	22.75	47.70
203912	259	315485458	28.27	0.00	1	0.00	-99.00	26.19	6.91
203912	259	315873714	25.78	62.22	1	0.00	-99.00	11.03	22.90
203912	259	315876162	26.76	52.22	0	0.00	-99.00	15.97	37.57
203912	259	315934922	24.79	49.69	0	0.00	-99.00	6.07	1.20
203912	259	315932994	49.83	42.54	0	0.00	-99.00	32.60	75.48
203912	259	316267402	27.26	43.60	1	0.00	-99.00	11.22	15.86
203912	259	315994835	205.79	123.48	1	0.00	-99.00	39.91	176.72
203912	259	315203928	24.23	55.74	1	0.00	-99.00	9.53	18.51
203912	259	315450376	247.47	184.13	1	0.00	-99.00	89.04	136.62
203912	259	315793368	51.64	49.62	1	0.00	-99.00	17.09	58.72
203912	259	315952248	41.27	0.00	1	0.00	-99.00	33.38	68.79
203912	259	315961760	42.52	0.00	1	0.00	-99.00	40.51	76.76
203912	259	315366776	27.10	0.00	0	0.00	-99.00	6.76	26.94
203912	259	315392104	68.45	55.14	1	0.00	-99.00	33.16	57.82
203912	259	315536752	22.32	43.96	1	0.00	-99.00	23.95	46.07
203912	259	315571504	30.72	0.00	1	0.00	-99.00	21.42	27.76
203912	259	315741264	54.56	0.00	1	0.00	-99.00	53.79	95.26
203912	259	316197320	29.87	0.00	0	0.00	-99.00	75.40	33.90
203912	259	315259219	22.95	0.00	1	0.00	-99.00	32.52	47.05
203912	259	315389979	22.72	0.00	1	0.00	-99.00	34.22	50.48
203912	259	315379619	30.19	0.00	1	0.00	-99.00	33.32	19.16
203912	259	315659691	24.13	46.37	0	0.00	-99.00	8.35	3.30
203912	259	316276811	63.05	103.02	0	0.00	-99.00	18.30	38.67
203912	259	315293745	72.37	64.34	0	0.00	-99.00	13.76	62.72
203912	259	315518161	21.44	0.00	1	0.00	-99.00	24.33	39.95
203912	259	315650473	63.72	52.75	1	0.00	-99.00	24.87	27.78
203912	259	316233529	33.08	0.00	1	0.00	-99.00	33.33	65.05
203912	259	315234138	64.23	0.00	0	0.00	-99.00	15.30	22.16
203912	259	316045370	48.80	80.29	0	0.00	-99.00	16.52	35.73
203912	259	316109226	35.56	52.00	1	0.00	-99.00	17.56	38.84
203912	259	316107055	25.97	0.00	1	0.00	-99.00	3.80	15.72
203912	259	315415871	34.73	0.00	1	0.00	-99.00	27.61	56.05
203912	259	315819271	49.34	0.00	1	0.00	-99.00	36.66	85.02
203912	259	316112223	26.49	0.00	0	0.00	-99.00	24.55	3.81
203912	261	317578876	21.37	0.00	1	0.00	-99.00	1.45	3.89
203912	261	318084492	31.56	46.59	1	0.00	-99.00	20.88	45.53
203912	261	318175484	20.57	0.00	1	0.00	-99.00	27.74	42.59
203912	261	318474644	27.03	0.00	1	0.00	-99.00	9.73	32.36
203912	261	318172113	26.54	0.00	1	0.00	-99.00	17.21	5.60
203912	261	318480665	26.45	0.00	0	0.00	-99.00	45.79	63.94
203912	261	317558323	51.89	0.00	1	0.00	-99.00	33.43	82.41
203912	261	317563283	75.73	0.00	0	0.00	-99.00	51.61	104.65
203912	261	317658699	41.54	70.64	0	0.00	-99.00	22.07	3.38
203912	261	317834115	94.15	214.97	1	0.00	-99.00	4.60	34.16
203912	261	318179307	40.82	0.00	1	0.00	-99.00	36.71	23.04
203912	261	318291979	32.00	0.00	0	0.00	-99.00	43.38	73.85
203912	261	317630999	25.80	55.47	1	0.00	-99.00	34.18	45.03
203912	261	317655351	26.09	0.00	1	0.00	-99.00	30.84	56.56
203912	261	317717719	44.10	0.00	1	0.00	-99.00	13.93	49.56
203912	261	317893791	39.21	63.11	1	0.00	-99.00	14.44	24.65
203912	261	318081207	29.04	0.00	0	0.00	-99.00	25.73	10.71
203912	261	318463191	54.59	78.16	1	0.00	-99.00	5.35	6.23
203912	261	317460489	53.56	81.29	1	0.00	-99.00	31.09	79.07
203912	261	317490633	38.62	42.07	1	0.00	-99.00	6.22	6.55
203912	261	317426825	40.80	60.98	1	0.00	-99.00	42.10	60.88
203912	261	317604089	21.27	0.00	1	0.00	-99.00	20.88	21.39
203912	261	317797593	23.98	46.42	0	0.00	-99.00	46.24	16.94
203912	261	317848609	63.52	0.00	1	0.00	-99.00	7.21	34.49
203912	261	318326009	21.67	0.00	1	0.00	-99.00	25.93	46.91
203912	261	318405721	43.49	64.60	0	0.00	-99.00	17.71	47.30
203912	261	317512286	21.49	49.05	0	0.00	-99.00	19.59	38.98
203912	261	317634486	20.61	0.00	0	0.00	-99.00	13.61	33.30
203912	261	317755942	31.24	49.43	0	0.00	-99.00	49.17	56.21
203912	261	317794606	21.55	0.00	0	0.00	-99.00	30.73	51.46
203912	261	317737518	41.21	72.17	0	0.00	-99.00	46.72	22.73
203912	261	318095758	31.50	0.00	0	0.00	-99.00	10.25	7.04
203912	261	317533908	32.76	0.00	1	0.00	-99.00	73.41	98.08
203912	261	317685116	49.53	0.00	1	0.00	-99.00	28.51	75.03
203912	261	317774908	38.70	71.18	1	0.00	-99.00	31.78	15.17
203912	261	317821980	31.40	0.00	1	0.00	-99.00	13.89	16.21
203912	261	318060004	36.76	57.30	1	0.00	-99.00	29.77	6.50
203912	261	318290804	150.38	161.92	1	0.00	-99.00	41.98	156.24
203912	261	317859210	25.71	51.46	1	0.00	-99.00	14.32	37.73
203912	261	318055962	39.95	46.46	1	0.00	-99.00	19.63	27.13
203912	261	318046042	43.11	0.00	1	0.00	-99.00	25.32	43.23
203912	261	318290786	22.72	0.00	0	0.00	-99.00	33.23	38.04
203912	261	317546119	26.83	0.00	1	0.00	-99.00	50.43	73.34
203912	261	317518567	61.89	80.86	1	0.00	-99.00	30.37	16.78
203912	261	317886719	24.15	0.00	0	0.00	-99.00	41.67	63.05
203912	261	317888911	56.86	61.54	1	0.00	-99.00	6.11	35.93
203912	261	317998215	34.91	93.77	1	0.00	-99.00	64.21	93.76
203912	261	318174703	43.05	54.07	1	0.00	-99.00	40.38	68.27
203912	261	317465893	49.85	48.32	1	0.00	-99.00	25.37	71.13
203912	261	318213925	25.00	0.00	1	0.00	-99.00	19.73	34.52
203912	261	317713355	73.78	56.64	1	0.00	-99.00	12.75	8.97
203912	261	317776731	25.98	0.00	1	0.00	-99.00	19.99	45.37
203912	261	318215499	22.41	55.17	1	0.00	-99.00	17.83	34.06
203912	261	317497576	110.88	105.36	0	0.00	-99.00	3.60	30.41
203912	261	317969400	52.79	0.00	1	0.00	-99.00	34.11	56.24
203912	261	318020664	65.19	154.28	0	0.00	-99.00	36.96	41.32
203912	261	318138672	22.32	55.40	1	0.00	-99.00	21.39	3.77
203912	261	318447224	37.39	0.00	1	0.00	-99.00	43.18	79.70
203912	261	317450384	38.92	0.00	1	0.00	-99.00	37.74	75.27
203912	261	317501344	28.34	45.48	0	0.00	-99.00	15.05	35.44
203912	261	317725048	27.90	44.02	1	0.00	-99.00	20.09	32.36
203912	261	318092248	25.68	42.87	1	0.00	-99.00	7.11	25.84
203912	261	318189320	51.95	65.73	1	0.00	-99.00	26.26	62.24
203912	261	317660370	35.28	0.00	0	0.00	-99.00	15.32	22.05
203912	261	317635362	36.43	74.61	0	0.00	-99.00	28.91	62.21
203912	261	317810938	41.68	0.00	1	0.00	-99.00	26.67	65.51
203912	261	318312554	30.20	0.00	1	0.00	-99.00	13.19	39.78
203912	261	318380618	46.60	41.30	1	0.00	-99.00	41.18	65.97
203912	267	324582427	41.16	52.40	1	0.00	-99.00	12.58	42.96
203912	267	324285368	25.53	0.00	1	0.00	-99.00	18.39	38.84
203912	267	324691120	29.24	0.00	1	0.00	-99.00	46.92	70.54
203912	267	324035985	27.53	0.00	1	0.00	-99.00	19.32	45.46
203912	267	324010388	31.67	0.00	1	0.00	-99.00	17.88	23.36
203912	267	324539537	30.14	43.78	0	0.00	-99.00	25.61	51.05
203912	267	324677641	104.65	89.78	0	0.00	-99.00	74.41	52.41
203912	267	324988177	41.56	95.72	0	0.00	-99.00	38.77	22.77
203912	267	324110591	39.56	47.13	0	0.00	-99.00	26.11	52.97
203912	267	324265207	101.91	85.05	1	0.00	-99.00	25.72	47.88
203912	267	324427639	29.71	0.00	1	0.00	-99.00	44.09	61.54
203912	267	324841367	40.09	47.36	1	0.00	-99.00	23.44	8.46
203912	267	325046183	28.82	0.00	1	0.00	-99.00	3.38	19.73
203912	267	324204660	82.38	80.05	1	0.00	-99.00	9.26	48.69
203912	267	324235916	48.00	48.86	0	0.00	-99.00	21.71	8.27
203912	267	324316276	35.80	0.00	1	0.00	-99.00	49.96	83.36
203912	267	324368444	86.42	88.23	1	0.00	-99.00	48.99	94.43
203912	267	324454540	63.04	63.14	0	0.00	-99.00	28.02	83.58
203912	267	324959484	37.67	40.66	1	0.00	-99.00	14.27	13.22
203912	267	324104931	49.81	67.55	0	0.00	-99.00	12.23	41.19
203912	267	324168163	95.14	54.62	1	0.00	-99.00	27.75	102.70
203912	267	324161435	47.85	58.64	1	0.00	-99.00	29.21	46.10
203912	267	324222763	45.74	79.50	1	0.00	-99.00	25.02	26.36
203912	267	324367347	92.02	81.46	1	0.00	-99.00	23.12	27.72
203912	267	324497587	64.10	87.84	0	0.00	-99.00	19.32	47.62
203912	267	325064971	103.74	76.74	1	0.00	-99.00	24.13	82.00
203912	267	324009787	47.52	56.95	1	0.00	-99.00	53.32	28.09
203912	267	324444504	24.83	0.00	1	0.00	-99.00	28.02	22.16
203912	267	324741104	33.22	0.00	1	0.00	-99.00	57.48	9.94
203912	267	324948512	48.79	49.64	1	0.00	-99.00	51.74	17.58
203912	267	324380709	36.80	59.38	1	0.00	-99.00	38.40	0.14
203912	267	324524477	35.81	0.00	1	0.00	-99.00	13.19	6.50
203912	267	324556269	26.51	0.00	1	0.00	-99.00	14.48	35.03
203912	267	324819589	31.67	46.30	1	0.00	-99.00	25.38	20.09
203912	267	324556450	43.06	48.35	1	0.00	-99.00	48.94	55.36
203912	267	324666322	23.59	0.00	1	0.00	-99.00	22.62	46.18
203912	267	324682162	87.39	72.68	1	0.00	-99.00	14.28	57.34
203912	267	325044314	47.05	77.82	1	0.00	-99.00	60.81	64.55
203912	267	324080062	41.34	0.00	1	0.00	-99.00	36.03	72.62
203912	267	324361798	42.61	47.76	1	0.00	-99.00	40.92	10.76
203912	267	324693342	43.75	91.36	1	0.00	-99.00	63.59	83.05
203912	267	324814822	40.89	93.60	1	0.00	-99.00	35.41	12.02
203912	267	324006761	24.58	0.00	1	0.00	-99.00	18.64	35.13
203912	267	324368094	35.18	0.00	1	0.00	-99.00	45.74	80.03
203912	267	324924788	23.97	0.00	1	0.00	-99.00	40.09	54.87
203912	267	324256074	48.92	44.29	1	0.00	-99.00	8.04	22.83
203912	267	324462114	47.08	58.46	1	0.00	-99.00	38.69	77.30
203912	267	324653097	26.26	0.00	1	0.00	-99.00	64.47	77.43
203912	267	324890521	37.98	49.29	1	0.00	-99.00	15.29	13.38
203912	267	325051729	34.52	75.08	0	0.00	-99.00	9.17	32.56
203912	267	324040077	37.14	45.10	1	0.00	-99.00	38.75	2.86
203912	267	324111845	31.53	0.00	0	0.00	-99.00	23.13	52.47
203912	267	324299805	20.94	0.00	1	0.00	-99.00	14.31	28.98
203912	267	324344045	24.34	0.00	1	0.00	-99.00	5.76	19.53
203912	267	324332213	34.74	0.00	1	0.00	-99.00	12.67	39.44
203912	267	324363749	29.44	0.00	1	0.00	-99.00	46.29	57.86
203912	267	324759293	45.62	0.00	1	0.00	-99.00	53.14	98.37
203912	267	324001642	44.28	59.29	1	0.00	-99.00	11.43	41.75
203912	267	324712679	30.68	45.15	1	0.00	-99.00	9.00	8.41
203912	267	325003351	40.90	70.06	1	0.00	-99.00	6.42	28.22
203912	268	325449501	94.99	84.71	1	0.00	-99.00	44.55	57.69
203912	268	325629261	43.56	46.24	1	0.00	-99.00	15.12	2.80
203912	268	325902189	25.89	0.00	1	0.00	-99.00	42.07	44.88
203912	268	325204278	64.61	66.51	1	0.00	-99.00	41.86	103.04
203912	268	325237614	30.87	54.57	1	0.00	-99.00	11.99	21.79
203912	268	325454983	37.91	54.08	1	0.00	-99.00	49.13	83.09
203912	268	325515903	59.55	87.40	1	0.00	-99.00	11.38	43.59
203912	268	325750991	170.26	171.66	0	0.00	-99.00	46.58	125.25
203912	268	325245144	40.35	57.66	1	0.00	-99.00	82.03	101.03
203912	268	325384304	46.22	46.97	1	0.00	-99.00	11.87	46.21
203912	268	325351840	34.28	0.00	1	0.00	-99.00	31.12	36.54
203912	268	325613753	38.67	0.00	1	0.00	-99.00	18.54	53.35
203912	268	325695441	24.21	0.00	1	0.00	-99.00	32.92	49.50
203912	268	325625385	26.85	0.00	1	0.00	-99.00	20.40	36.12
203912	268	325884825	59.56	68.72	0	0.00	-99.00	7.02	30.40
203912	268	325881025	36.72	51.54	1	0.00	-99.00	40.34	75.99
203912	268	325166637	34.24	0.00	1	0.00	-99.00	9.58	34.14
203912	268	325137133	220.94	163.82	1	0.00	-99.00	26.54	153.07
203912	268	325409813	35.31	0.00	1	0.00	-99.00	9.31	32.08
203912	268	325559550	41.92	70.52	1	0.00	-99.00	61.27	82.91
203912	268	325808534	27.63	41.28	0	0.00	-99.00	22.54	15.71
203912	268	325857798	49.70	54.90	0	0.00	-99.00	10.91	26.59
203912	268	325986430	42.36	0.00	1	0.00	-99.00	22.07	18.44
203912	268	325564345	36.79	0.00	0	0.00	-99.00	11.50	10.56
203912	268	325852065	41.84	0.00	1	0.00	-99.00	24.21	63.12
203912	268	326113961	25.99	43.80	0	0.00	-99.00	52.60	64.82
203912	268	325305050	100.55	123.45	0	0.00	-99.00	17.39	31.34
203912	268	325660771	43.56	44.51	1	0.00	-99.00	14.25	44.10
203912	268	325688475	34.22	55.80	0	0.00	-99.00	43.31	49.23
203912	268	325808115	25.28	47.78	1	0.00	-99.00	7.42	6.10
203912	268	325958131	28.89	0.00	0	0.00	-99.00	37.02	64.69
203912	268	326029539	90.09	85.17	1	0.00	-99.00	21.68	42.06
203912	268	325303423	39.76	0.00	1	0.00	-99.00	25.16	55.74
203912	268	325515784	37.86	65.57	1	0.00	-99.00	11.70	8.02
203912	268	325583312	28.65	57.01	0	0.00	-99.00	18.14	43.37
203912	268	325912168	44.41	49.52	0	0.00	-99.00	30.88	39.30
203912	268	325906872	188.57	166.30	1	0.00	-99.00	31.32	105.11
203912	268	325542309	33.78	0.00	1	0.00	-99.00	33.51	67.06
203912	268	325542917	76.23	82.57	0	0.00	-99.00	29.79	54.73
203912	268	325611869	112.54	69.94	1	0.00	-99.00	18.15	28.22
203912	268	326044509	26.94	0.00	1	0.00	-99.00	51.08	71.95
203912	268	325207133	28.40	0.00	1	0.00	-99.00	25.78	47.00
203912	268	325407829	34.01	0.00	0	0.00	-99.00	34.98	60.81
203912	268	325795678	37.11	0.00	1	0.00	-99.00	47.43	83.26
203912	268	325285650	60.13	45.05	1	0.00	-99.00	38.37	62.06
203912	268	325647875	54.97	0.00	1	0.00	-99.00	19.06	61.49
203912	268	325785939	29.30	40.21	0	0.00	-99.00	47.49	59.33
203912	268	326066699	29.93	0.00	1	0.00	-99.00	31.45	4.36
203912	268	325155625	44.15	76.40	0	0.00	-99.00	25.36	36.71
203912	268	325735458	24.51	0.00	0	0.00	-99.00	13.98	2.70
203912	268	325892714	48.18	0.00	1	0.00	-99.00	43.07	64.30
203912	268	326054730	58.55	40.35	1	0.00	-99.00	12.85	12.94
203912	268	325955794	39.42	42.48	0	0.00	-99.00	26.33	61.73
203912	268	325364182	39.62	50.05	1	0.00	-99.00	17.67	30.19
203912	268	325934735	40.10	0.00	1	0.00	-99.00	39.14	79.23
203912	268	326064663	50.44	0.00	1	0.00	-99.00	9.41	39.91
203912	268	325262135	26.85	0.00	1	0.00	-99.00	20.29	19.08
203912	268	325703000	24.52	0.00	1	0.00	-99.00	21.81	18.02
203912	268	325667608	21.40	69.81	1	0.00	-99.00	33.68	38.53
203912	268	325962680	35.93	0.00	1	0.00	-99.00	34.73	70.16
203912	268	325261729	25.87	0.00	1	0.00	-99.00	41.70	65.55
203912	268	325395961	38.88	77.43	0	0.00	-99.00	28.91	66.00
203912	268	325488130	70.08	82.48	1	0.00	-99.00	27.99	88.48
203912	268	325911898	30.38	52.37	1	0.00	-99.00	29.65	0.42
203912	268	325081587	29.90	0.00	0	0.00	-99.00	18.11	31.64
203912	268	325278155	49.62	0.00	0	0.00	-99.00	20.19	62.51
203912	268	325975380	32.75	0.00	1	0.00	-99.00	49.90	0.51
203912	268	326017188	65.33	84.47	1	0.00	-99.00	49.36	35.03
203912	268	325187099	49.27	0.00	1	0.00	-99.00	12.98	18.51
203912	268	326020476	108.36	88.10	1	0.00	-99.00	34.79	76.91
203912	268	326119972	28.09	46.45	1	0.00	-99.00	21.60	6.56
203912	269	326167164	44.10	54.26	1	0.00	-99.00	12.24	3.58
203912	269	326224915	28.12	0.00	1	0.00	-99.00	22.35	23.93
203912	269	326859259	87.06	50.97	1	0.00	-99.00	38.00	6.16
203912	269	326976651	57.31	63.85	0	0.00	-99.00	30.25	3.07
203912	269	327046795	27.12	41.22	1	0.00	-99.00	14.39	39.11
203912	269	327163723	28.01	0.00	1	0.00	-99.00	6.64	16.14
203912	269	326646003	22.22	0.00	0	0.00	-99.00	43.22	61.97
203912	269	326617243	42.73	55.56	1	0.00	-99.00	27.72	68.82
203912	269	326884275	62.05	53.93	1	0.00	-99.00	32.28	42.06
203912	269	326276009	28.78	0.00	1	0.00	-99.00	4.53	0.23
203912	269	326312521	27.22	0.00	1	0.00	-99.00	8.14	29.77
203912	269	326649193	26.36	0.00	1	0.00	-99.00	13.06	35.17
203912	269	326805705	37.92	0.00	1	0.00	-99.00	33.07	69.37
203912	269	327049417	88.45	0.00	1	0.00	-99.00	35.20	110.75
203912	269	327130545	25.08	43.29	1	0.00	-99.00	40.44	18.32
203912	269	327162769	70.95	91.40	1	0.00	-99.00	40.04	40.21
203912	269	326466711	46.57	138.41	1	0.00	-99.00	30.93	54.97
203912	269	326625775	30.54	0.00	1	0.00	-99.00	2.39	17.05
203912	269	326674535	106.61	66.86	1	0.00	-99.00	45.79	80.84
203912	269	327177783	38.49	0.00	1	0.00	-99.00	21.48	45.51
203912	269	327207639	71.95	0.00	1	0.00	-99.00	12.02	57.54
203912	269	326393549	51.17	74.05	1	0.00	-99.00	74.64	122.65
203912	269	326646189	40.07	0.00	1	0.00	-99.00	5.72	16.29
203912	269	326762445	56.90	66.62	1	0.00	-99.00	24.86	12.52
203912	269	326292222	29.41	0.00	1	0.00	-99.00	53.33	78.01
203912	269	326449358	36.32	0.00	1	0.00	-99.00	42.59	78.61
203912	269	326567070	52.56	0.00	1	0.00	-99.00	43.10	22.19
203912	269	326675406	33.39	0.00	1	0.00	-99.00	23.41	23.28
203912	269	326587174	82.39	42.76	1	0.00	-99.00	19.17	74.46
203912	269	327144126	138.79	63.48	1	0.00	-99.00	46.96	161.47
203912	269	327233622	20.38	0.00	0	0.00	-99.00	15.02	13.50
203912	269	326198828	78.31	89.26	0	0.00	-99.00	38.52	18.98
203912	269	326677212	35.70	0.00	1	0.00	-99.00	14.19	44.94
203912	269	326554632	44.70	0.00	1	0.00	-99.00	8.09	21.63
203912	269	327101168	23.70	0.00	1	0.00	-99.00	34.51	56.95
203912	269	327155968	34.09	0.00	1	0.00	-99.00	35.60	68.95
203912	269	326238160	24.81	0.00	1	0.00	-99.00	13.92	24.66
203912	269	326641448	22.72	0.00	1	0.00	-99.00	18.80	12.31
203912	269	326663912	28.13	0.00	0	0.00	-99.00	40.55	57.29
203912	269	326741760	22.03	0.00	1	0.00	-99.00	10.24	24.62
203912	269	326207066	39.90	0.00	1	0.00	-99.00	9.65	15.48
203912	269	326329818	27.01	43.05	0	0.00	-99.00	24.76	26.51
203912	269	326321738	28.10	0.00	1	0.00	-99.00	67.53	87.01
203912	269	326803274	25.26	0.00	0	0.00	-99.00	11.80	34.31
203912	269	326796106	39.49	0.00	1	0.00	-99.00	61.36	38.67
203912	269	326813890	49.20	74.02	1	0.00	-99.00	46.90	95.05
203912	269	326890487	36.86	57.09	0	0.00	-99.00	12.98	39.71
203912	269	326934407	49.26	54.80	0	0.00	-99.00	21.60	8.88
203912	269	327023327	30.07	0.00	1	0.00	-99.00	7.90	28.52
203912	269	327225383	120.03	139.48	1	0.00	-99.00	56.85	46.53
203912	269	326316778	38.60	0.00	1	0.00	-99.00	19.90	53.83
203912	269	326401602	64.31	52.05	1	0.00	-99.00	30.10	81.17
203912	269	326416242	50.79	64.58	1	0.00	-99.00	47.72	44.55
203912	269	326731498	50.57	75.40	0	0.00	-99.00	18.61	6.05
203912	269	326842386	27.04	89.33	0	0.00	-99.00	33.38	29.45
203912	269	327057370	41.91	48.01	1	0.00	-99.00	34.24	59.42
203912	269	327212658	39.14	53.55	1	0.00	-99.00	18.69	11.53
203912	269	326259053	33.66	0.00	1	0.00	-99.00	12.30	36.36
203912	269	326318773	29.32	53.32	1	0.00	-99.00	27.81	8.93
203912	269	327214041	20.12	0.00	1	0.00	-99.00	15.92	25.01
203912	269	327227609	38.44	0.00	1	0.00	-99.00	16.51	47.22
203912	269	326355382	36.38	0.00	1	0.00	-99.00	10.83	35.46
203912	269	326423110	20.68	0.00	1	0.00	-99.00	33.63	17.84
203912	269	326570046	74.56	0.00	1	0.00	-99.00	28.25	90.24
203912	269	326860294	33.13	0.00	1	0.00	-99.00	27.30	40.24
