1	41639	16642043	43.97	53.04	1	0.00	-99.00	18.53	22.15
1	41639	16642059	34.11	0.00	1	0.00	-99.00	59.78	90.25
1	41639	16642093	40.24	0.00	1	0.00	-99.00	61.90	99.44
1	41639	16642115	41.51	0.00	1	0.00	-99.00	35.79	76.30
1	41639	16642121	54.79	0.00	1	0.00	-99.00	22.61	36.03
1	41639	16642122	36.14	0.00	1	0.00	-99.00	53.73	88.08
1	41639	16642141	27.46	0.00	1	0.00	-99.00	45.86	70.95
1	41639	16642150	29.98	0.00	1	0.00	-99.00	68.01	89.38
1	41639	16642154	32.88	43.98	1	0.00	-99.00	30.85	45.58
1	41639	16642156	36.84	0.00	1	0.00	-99.00	89.18	114.55
1	41639	16642170	50.17	0.00	1	0.00	-99.00	33.64	81.16
1	41639	16642180	35.88	0.00	1	0.00	-99.00	24.88	53.38
1	41639	16642187	22.90	0.00	1	0.00	-99.00	47.14	65.09
1	41639	16642214	37.16	0.00	1	0.00	-99.00	29.68	66.23
1	41639	16642220	36.33	0.00	1	0.00	-99.00	53.13	87.04
1	41639	16642258	30.07	0.00	1	0.00	-99.00	34.63	64.27
1	41639	16642266	30.00	0.00	1	0.00	-99.00	46.46	74.67
1	41639	16642271	43.50	0.00	1	0.00	-99.00	50.02	92.42
1	41639	16642326	32.80	0.00	0	0.00	-99.00	75.30	99.40
1	41639	16642348	35.38	0.00	1	0.00	-99.00	64.68	94.72
1	41639	16642356	42.67	0.00	1	0.00	-99.00	48.63	86.19
1	41639	16642391	41.87	0.00	1	0.00	-99.00	53.61	94.44
1	41644	16644050	43.32	0.00	1	0.00	-99.00	26.25	65.55
1	41644	16644056	30.89	0.00	1	0.00	-99.00	22.42	49.88
1	41644	16644067	35.46	0.00	1	0.00	-99.00	97.23	116.67
1	41644	16644070	30.57	0.00	0	0.00	-99.00	24.39	37.71
1	41644	16644083	47.42	0.00	1	0.00	-99.00	34.11	80.43
1	41644	16644084	65.73	49.81	1	0.00	-99.00	22.96	59.02
1	41644	16644110	21.75	48.12	1	0.00	-99.00	35.58	54.80
1	41644	16644111	36.98	0.00	1	0.00	-99.00	45.79	81.92
1	41644	16644121	38.16	54.64	1	0.00	-99.00	18.33	51.54
1	41644	16644149	53.43	0.00	1	0.00	-99.00	20.11	63.50
1	41644	16644168	24.45	0.00	1	0.00	-99.00	24.08	46.03
1	41644	16644170	41.15	57.83	1	0.00	-99.00	50.69	75.11
1	41644	16644176	36.88	108.06	1	0.00	-99.00	39.61	51.00
1	41644	16644177	33.48	0.00	1	0.00	-99.00	32.71	65.83
1	41644	16644181	44.39	0.00	1	0.00	-99.00	51.85	95.57
1	41644	16644201	25.50	0.00	1	0.00	-99.00	60.37	76.40
1	41644	16644244	20.51	0.00	1	0.00	-99.00	45.48	46.20
1	41644	16644248	93.68	73.09	1	0.00	-99.00	12.16	46.72
1	41644	16644268	26.03	0.00	1	0.00	-99.00	42.29	65.60
1	41644	16644294	37.54	77.67	1	0.00	-99.00	51.98	72.40
1	41644	16644338	29.55	46.01	1	0.00	-99.00	26.07	23.64
1	41644	16644344	38.14	0.00	1	0.00	-99.00	50.49	87.07
1	41644	16644372	46.05	0.00	1	0.00	-99.00	46.94	92.70
1	41644	16644385	37.51	0.00	1	0.00	-99.00	41.65	73.28
1	41645	16644403	39.80	0.00	1	0.00	-99.00	28.83	63.60
1	41645	16644404	47.72	0.00	1	0.00	-99.00	38.16	84.25
1	41645	16644406	46.86	0.00	1	0.00	-99.00	32.36	74.18
1	41645	16644449	21.13	49.93	1	0.00	-99.00	21.49	34.99
1	41645	16644483	36.55	51.26	1	0.00	-99.00	76.34	58.70
1	41645	16644488	57.06	0.00	1	0.00	-99.00	29.41	78.42
1	41645	16644512	34.24	0.00	1	0.00	-99.00	39.68	73.71
1	41645	16644525	38.31	0.00	1	0.00	-99.00	85.06	113.94
1	41645	16644530	29.97	0.00	1	0.00	-99.00	42.02	69.56
1	41645	16644536	21.28	0.00	1	0.00	-99.00	44.69	56.41
1	41645	16644540	41.30	0.00	1	0.00	-99.00	28.49	68.16
1	41645	16644543	35.17	0.00	1	0.00	-99.00	27.26	57.67
1	41645	16644547	34.59	0.00	1	0.00	-99.00	51.78	77.37
1	41645	16644563	28.61	0.00	1	0.00	-99.00	38.77	62.96
1	41645	16644566	24.48	0.00	0	0.00	-99.00	47.06	67.16
1	41645	16644581	39.62	0.00	0	0.00	-99.00	66.28	95.88
1	41645	16644587	39.01	0.00	1	0.00	-99.00	30.33	67.79
1	41645	16644597	45.90	0.00	1	0.00	-99.00	44.43	71.03
1	41645	16644603	20.29	0.00	1	0.00	-99.00	45.52	9.47
1	41645	16644605	37.62	0.00	1	0.00	-99.00	6.93	13.23
1	41645	16644614	35.82	0.00	1	0.00	-99.00	39.34	68.12
1	41645	16644623	45.54	0.00	1	0.00	-99.00	50.15	94.80
1	41645	16644624	26.65	0.00	1	0.00	-99.00	44.75	68.99
1	41645	16644726	33.86	0.00	1	0.00	-99.00	47.03	78.49
1	41645	16644740	54.57	42.53	1	0.00	-99.00	36.26	78.77
1	41645	16644765	26.59	0.00	1	0.00	-99.00	55.09	76.10
1	41645	16644783	41.01	0.00	1	0.00	-99.00	33.88	74.55
1	41674	16656037	21.56	0.00	1	0.00	-99.00	53.98	63.10
1	41674	16656048	41.41	0.00	1	0.00	-99.00	11.79	44.11
1	41674	16656079	28.46	0.00	1	0.00	-99.00	26.38	53.91
1	41674	16656088	37.86	0.00	1	0.00	-99.00	65.18	99.32
1	41674	16656091	43.34	0.00	1	0.00	-99.00	39.88	83.10
1	41674	16656093	22.73	0.00	1	0.00	-99.00	36.30	53.86
1	41674	16656097	43.09	0.00	1	0.00	-99.00	61.23	101.42
1	41674	16656135	43.51	0.00	1	0.00	-99.00	54.37	97.16
1	41674	16656138	28.65	0.00	1	0.00	-99.00	15.58	38.69
1	41674	16656158	39.58	0.00	1	0.00	-99.00	32.90	65.90
1	41674	16656169	38.81	0.00	1	0.00	-99.00	39.50	75.91
1	41674	16656188	36.93	0.00	0	0.00	-99.00	30.50	65.04
1	41674	16656204	45.47	0.00	1	0.00	-99.00	41.10	86.38
1	41674	16656214	39.67	0.00	1	0.00	-99.00	66.32	100.85
1	41674	16656221	26.09	0.00	1	0.00	-99.00	30.97	56.80
1	41674	16656260	39.25	40.85	1	0.00	-99.00	65.49	101.36
1	41674	16656261	36.67	0.00	1	0.00	-99.00	58.12	92.13
1	41674	16656273	28.12	0.00	1	0.00	-99.00	13.11	38.19
1	41674	16656275	51.59	0.00	1	0.00	-99.00	70.33	120.47
1	41674	16656278	30.81	0.00	1	0.00	-99.00	53.02	80.29
1	41674	16656280	20.94	0.00	1	0.00	-99.00	31.94	48.69
1	41674	16656290	25.60	0.00	0	0.00	-99.00	34.10	58.98
1	41674	16656298	43.49	53.84	1	0.00	-99.00	43.42	86.81
1	41674	16656314	28.37	0.00	1	0.00	-99.00	59.19	81.71
1	41674	16656324	23.86	0.00	1	0.00	-99.00	23.19	11.71
1	41674	16656330	31.49	62.24	1	0.00	-99.00	86.75	73.11
1	41674	16656339	41.39	0.00	1	0.00	-99.00	68.53	103.13
1	41674	16656377	47.47	0.00	1	0.00	-99.00	16.82	54.37
1	41678	16657609	30.94	0.00	1	0.00	-99.00	34.55	65.11
1	41678	16657624	25.32	0.00	1	0.00	-99.00	25.75	50.06
1	41678	16657646	32.45	0.00	1	0.00	-99.00	64.87	90.65
1	41678	16657693	27.49	0.00	1	0.00	-99.00	80.04	93.48
1	41678	16657702	36.06	0.00	1	0.00	-99.00	49.50	84.22
1	41678	16657726	26.51	0.00	1	0.00	-99.00	53.55	75.23
1	41678	16657755	32.16	0.00	1	0.00	-99.00	32.25	63.90
1	41678	16657765	37.05	0.00	1	0.00	-99.00	65.51	95.22
1	41678	16657771	47.03	0.00	1	0.00	-99.00	58.59	104.85
1	41678	16657781	28.10	0.00	1	0.00	-99.00	28.75	25.98
1	41678	16657820	30.53	0.00	1	0.00	-99.00	51.94	79.61
1	41678	16657846	43.90	0.00	1	0.00	-99.00	49.54	89.59
1	41678	16657925	52.86	46.14	1	0.00	-99.00	2.39	22.39
1	41678	16657927	26.97	0.00	1	0.00	-99.00	42.69	67.68
1	41678	16657941	46.98	0.00	1	0.00	-99.00	27.06	70.32
1	41678	16657978	26.41	0.00	1	0.00	-99.00	79.04	91.03
1	41678	16657985	44.44	0.00	1	0.00	-99.00	36.50	11.29
1	42352	16927214	23.16	0.00	1	0.00	-99.00	43.41	62.37
1	42352	16927218	33.50	0.00	1	0.00	-99.00	66.74	94.04
1	42352	16927226	44.58	0.00	1	0.00	-99.00	93.66	129.18
1	42352	16927240	34.59	0.00	1	0.00	-99.00	57.57	84.27
1	42352	16927256	25.35	0.00	1	0.00	-99.00	21.83	46.98
1	42352	16927291	53.52	0.00	1	0.00	-99.00	38.29	66.92
1	42352	16927294	26.71	0.00	1	0.00	-99.00	31.67	57.87
1	42352	16927298	22.65	0.00	1	0.00	-99.00	35.00	56.20
1	42352	16927299	24.69	0.00	1	0.00	-99.00	56.64	72.33
1	42352	16927309	34.14	0.00	1	0.00	-99.00	46.11	69.45
1	42352	16927312	24.49	0.00	1	0.00	-99.00	104.06	85.57
1	42352	16927318	42.38	0.00	1	0.00	-99.00	41.25	83.53
1	42352	16927360	32.06	0.00	1	0.00	-99.00	43.68	72.91
1	42352	16927368	34.62	0.00	1	0.00	-99.00	70.13	96.56
1	42352	16927377	30.06	0.00	1	0.00	-99.00	50.31	74.61
1	42352	16927393	34.75	42.32	1	0.00	-99.00	27.14	57.87
1	42352	16927403	49.25	0.00	1	0.00	-99.00	56.55	83.89
1	42352	16927410	37.93	0.00	1	0.00	-99.00	51.68	85.51
1	42352	16927425	48.09	59.58	1	0.00	-99.00	67.12	7.98
1	42352	16927426	29.95	0.00	1	0.00	-99.00	65.06	86.62
1	42352	16927474	43.89	0.00	1	0.00	-99.00	23.97	8.16
1	42352	16927508	33.64	0.00	1	0.00	-99.00	60.97	89.71
1	42352	16927520	43.05	0.00	1	0.00	-99.00	57.40	96.55
1	42352	16927544	32.93	54.87	1	0.00	-99.00	41.02	60.86
1	42352	16927565	38.45	0.00	1	0.00	-99.00	36.80	73.83
1	42352	16927585	29.73	40.55	1	0.00	-99.00	77.97	92.73
1	42360	16930410	98.61	79.67	1	0.00	-99.00	54.01	143.41
1	42360	16930442	87.09	112.69	1	0.00	-99.00	51.66	64.87
1	42360	16930450	22.65	0.00	1	0.00	-99.00	56.16	67.70
1	42360	16930463	28.95	0.00	1	0.00	-99.00	40.67	66.95
1	42360	16930471	26.14	0.00	1	0.00	-99.00	34.64	56.95
1	42360	16930473	26.27	0.00	1	0.00	-99.00	36.80	60.23
1	42360	16930474	39.47	0.00	1	0.00	-99.00	32.08	70.12
1	42360	16930520	30.67	0.00	0	0.00	-99.00	50.70	78.02
1	42360	16930547	36.51	0.00	1	0.00	-99.00	83.09	109.23
1	42360	16930551	44.39	0.00	1	0.00	-99.00	49.68	93.60
1	42360	16930565	81.96	0.00	1	0.00	-99.00	59.41	54.63
1	42360	16930582	38.61	0.00	1	0.00	-99.00	40.26	77.15
1	42360	16930603	20.45	0.00	1	0.00	-99.00	12.86	14.54
1	42360	16930606	41.73	0.00	1	0.00	-99.00	39.27	80.95
1	42360	16930612	24.14	0.00	1	0.00	-99.00	42.74	63.95
1	42360	16930628	21.83	0.00	1	0.00	-99.00	12.93	26.52
1	42360	16930637	26.63	0.00	1	0.00	-99.00	55.22	76.60
1	42360	16930653	22.36	0.00	1	0.00	-99.00	20.93	43.24
1	42360	16930681	27.99	0.00	1	0.00	-99.00	39.01	62.93
1	42360	16930731	38.48	0.00	1	0.00	-99.00	45.90	83.91
1	42360	16930757	46.33	0.00	1	0.00	-99.00	45.04	78.32
1	42369	16934010	54.34	0.00	1	0.00	-99.00	30.17	79.03
1	42369	16934028	34.70	0.00	1	0.00	-99.00	40.95	72.91
1	42369	16934057	77.91	42.50	1	0.00	-99.00	39.09	109.16
1	42369	16934074	34.13	0.00	1	0.00	-99.00	44.89	77.48
1	42369	16934092	31.43	0.00	1	0.00	-99.00	39.40	65.91
1	42369	16934104	27.73	0.00	1	0.00	-99.00	22.21	47.26
1	42369	16934110	33.78	0.00	1	0.00	-99.00	42.69	75.76
1	42369	16934111	39.07	0.00	1	0.00	-99.00	57.57	94.40
1	42369	16934128	32.01	0.00	1	0.00	-99.00	4.12	22.93
1	42369	16934135	32.24	58.28	1	0.00	-99.00	95.30	92.05
1	42369	16934146	29.10	0.00	1	0.00	-99.00	57.43	79.81
1	42369	16934148	35.39	0.00	1	0.00	-99.00	50.71	84.06
1	42369	16934151	32.75	0.00	1	0.00	-99.00	20.77	51.63
1	42369	16934162	26.36	0.00	1	0.00	-99.00	54.18	74.97
1	42369	16934170	29.02	0.00	1	0.00	-99.00	41.79	68.17
1	42369	16934173	46.18	0.00	1	0.00	-99.00	9.25	36.34
1	42369	16934190	38.74	0.00	1	0.00	-99.00	49.23	86.82
1	42369	16934254	20.84	0.00	1	0.00	-99.00	22.46	42.97
1	42369	16934309	44.95	0.00	1	0.00	-99.00	32.78	75.85
1	42369	16934316	69.36	0.00	1	0.00	-99.00	60.28	129.31
1	42369	16934320	41.52	0.00	1	0.00	-99.00	46.34	86.51
1	42369	16934392	23.49	0.00	1	0.00	-99.00	65.11	77.07
1	42385	16940409	39.80	0.00	1	0.00	-99.00	21.02	37.11
1	42385	16940447	48.17	0.00	1	0.00	-99.00	34.83	79.96
1	42385	16940455	28.29	0.00	1	0.00	-99.00	49.26	74.56
1	42385	16940456	31.99	0.00	1	0.00	-99.00	30.97	62.69
1	42385	16940465	34.73	0.00	1	0.00	-99.00	27.18	59.56
1	42385	16940504	83.91	129.47	1	0.00	-99.00	36.46	31.50
1	42385	16940506	49.73	0.00	1	0.00	-99.00	60.74	102.77
1	42385	16940523	34.68	0.00	1	0.00	-99.00	53.34	85.95
1	42385	16940526	26.51	0.00	1	0.00	-99.00	46.37	69.16
1	42385	16940561	30.39	0.00	1	0.00	-99.00	60.07	84.25
1	42385	16940579	33.54	0.00	0	0.00	-99.00	78.12	102.30
1	42385	16940601	44.17	0.00	1	0.00	-99.00	29.29	71.68
1	42385	16940613	46.61	61.31	0	0.00	-99.00	63.84	101.51
1	42385	16940634	41.51	0.00	1	0.00	-99.00	15.60	50.80
1	42385	16940673	31.13	0.00	1	0.00	-99.00	38.85	68.90
1	42385	16940681	45.87	43.42	1	0.00	-99.00	47.03	92.90
1	42385	16940709	27.70	0.00	1	0.00	-99.00	22.21	48.82
1	42385	16940723	29.38	0.00	1	0.00	-99.00	48.59	75.29
1	42385	16940727	28.92	0.00	1	0.00	-99.00	64.93	84.68
1	42385	16940734	27.32	0.00	1	0.00	-99.00	46.70	66.57
1	42385	16940739	41.63	0.00	1	0.00	-99.00	67.77	105.64
1	42385	16940753	21.32	0.00	1	0.00	-99.00	28.46	49.15
1	42385	16940767	21.85	0.00	1	0.00	-99.00	23.29	44.44
1	42385	16940772	56.73	329.59	1	0.00	-99.00	30.99	82.58
1	42477	16977224	32.88	0.00	1	0.00	-99.00	53.77	81.92
1	42477	16977242	39.26	0.00	1	0.00	-99.00	55.59	93.44
1	42477	16977260	24.45	0.00	1	0.00	-99.00	20.05	42.48
1	42477	16977265	30.41	0.00	1	0.00	-99.00	35.38	63.74
1	42477	16977267	42.02	0.00	1	0.00	-99.00	9.69	38.30
1	42477	16977275	60.95	55.49	1	0.00	-99.00	41.66	98.13
1	42477	16977277	36.55	0.00	1	0.00	-99.00	39.41	75.07
1	42477	16977278	30.21	0.00	1	0.00	-99.00	32.69	62.69
1	42477	16977282	36.93	0.00	1	0.00	-99.00	40.52	77.36
1	42477	16977290	32.64	0.00	1	0.00	-99.00	22.50	44.74
1	42477	16977298	76.98	62.90	1	0.00	-99.00	26.77	88.64
1	42477	16977301	27.77	0.00	0	0.00	-99.00	23.47	50.83
1	42477	16977330	26.40	0.00	1	0.00	-99.00	46.38	69.93
1	42477	16977344	62.16	40.49	1	0.00	-99.00	30.31	84.22
1	42477	16977364	36.79	42.45	1	0.00	-99.00	59.41	90.28
1	42477	16977371	20.64	61.77	0	0.00	-99.00	94.51	88.25
1	42477	16977390	47.16	0.00	1	0.00	-99.00	40.41	87.19
1	42477	16977405	40.95	0.00	1	0.00	-99.00	60.71	99.71
1	42477	16977455	42.57	0.00	1	0.00	-99.00	32.45	74.26
1	42477	16977456	37.12	0.00	1	0.00	-99.00	57.66	92.22
1	42477	16977489	39.59	0.00	1	0.00	-99.00	33.27	72.57
1	42477	16977518	32.19	0.00	1	0.00	-99.00	73.10	91.76
1	42477	16977535	37.91	0.00	1	0.00	-99.00	31.05	63.12
1	42477	16977554	48.50	0.00	1	0.00	-99.00	22.22	64.83
1	42477	16977563	30.16	0.00	1	0.00	-99.00	31.62	61.45
1	42477	16977579	36.89	0.00	1	0.00	-99.00	41.11	77.24
1	42477	16977591	41.68	40.89	1	0.00	-99.00	19.75	54.98
1	42494	16984026	42.85	0.00	1	0.00	-99.00	54.73	96.40
1	42494	16984035	25.08	0.00	0	0.00	-99.00	41.19	61.36
1	42494	16984076	29.89	46.74	1	0.00	-99.00	49.26	66.29
1	42494	16984077	41.49	0.00	1	0.00	-99.00	47.14	86.09
1	42494	16984093	41.42	0.00	1	0.00	-99.00	63.22	92.42
1	42494	16984113	30.39	0.00	1	0.00	-99.00	40.90	65.43
1	42494	16984134	26.62	0.00	1	0.00	-99.00	36.62	62.35
1	42494	16984151	74.52	80.28	1	0.00	-99.00	23.60	29.48
1	42494	16984175	36.06	0.00	1	0.00	-99.00	33.78	69.81
1	42494	16984188	28.54	0.00	1	0.00	-99.00	29.76	55.70
1	42494	16984200	37.05	0.00	1	0.00	-99.00	63.17	95.77
1	42494	16984202	23.51	48.13	0	0.00	-99.00	16.18	38.78
1	42494	16984219	60.59	0.00	1	0.00	-99.00	36.71	94.07
1	42494	16984228	30.22	0.00	1	0.00	-99.00	48.58	59.83
1	42494	16984239	37.10	0.00	1	0.00	-99.00	53.52	88.27
1	42494	16984241	40.39	0.00	1	0.00	-99.00	43.43	83.11
1	42494	16984243	52.71	0.00	1	0.00	-99.00	36.42	87.59
1	42494	16984252	32.60	0.00	1	0.00	-99.00	47.16	78.40
1	42494	16984281	39.09	0.00	1	0.00	-99.00	41.17	79.01
1	42494	16984292	37.52	0.00	1	0.00	-99.00	17.91	49.97
1	42494	16984343	47.56	41.89	1	0.00	-99.00	30.75	57.21
1	42494	16984358	50.22	0.00	1	0.00	-99.00	42.17	91.85
1	42494	16984396	38.74	0.00	1	0.00	-99.00	21.60	41.58
1	42494	16984397	22.09	0.00	1	0.00	-99.00	9.74	29.30
1	42500	16986402	34.60	0.00	1	0.00	-99.00	39.85	47.59
1	42500	16986426	51.18	0.00	1	0.00	-99.00	21.74	62.60
1	42500	16986431	37.03	0.00	1	0.00	-99.00	21.37	56.23
1	42500	16986442	35.32	0.00	1	0.00	-99.00	36.91	69.52
1	42500	16986469	39.31	0.00	1	0.00	-99.00	27.89	64.08
1	42500	16986490	42.43	0.00	1	0.00	-99.00	30.89	67.40
1	42500	16986494	45.53	53.65	0	0.00	-99.00	51.03	75.17
1	42500	16986500	28.14	50.79	1	0.00	-99.00	79.75	72.56
1	42500	16986502	27.34	0.00	1	0.00	-99.00	37.68	64.20
1	42500	16986547	30.68	0.00	1	0.00	-99.00	42.17	71.92
1	42500	16986555	29.12	0.00	1	0.00	-99.00	30.54	59.23
1	42500	16986557	37.43	0.00	1	0.00	-99.00	44.53	81.57
1	42500	16986570	37.57	63.34	1	0.00	-99.00	57.85	73.76
1	42500	16986585	51.11	0.00	1	0.00	-99.00	35.29	81.99
1	42500	16986590	43.16	0.00	1	0.00	-99.00	46.44	89.45
1	42500	16986597	35.70	0.00	1	0.00	-99.00	25.36	27.44
1	42500	16986603	30.76	0.00	1	0.00	-99.00	12.84	36.79
1	42500	16986607	35.55	0.00	1	0.00	-99.00	15.66	44.94
1	42500	16986632	23.06	0.00	1	0.00	-99.00	14.45	29.47
1	42500	16986672	34.05	0.00	1	0.00	-99.00	16.02	43.11
1	42500	16986674	23.48	0.00	1	0.00	-99.00	19.61	40.42
1	42500	16986680	32.14	0.00	1	0.00	-99.00	24.81	42.25
1	42500	16986694	32.43	81.49	1	0.00	-99.00	21.89	53.07
1	42500	16986695	22.00	42.13	1	0.00	-99.00	23.56	45.54
1	42500	16986700	40.57	0.00	1	0.00	-99.00	68.89	105.39
1	42500	16986736	31.78	0.00	1	0.00	-99.00	19.09	47.86
1	42500	16986745	34.60	0.00	1	0.00	-99.00	60.31	90.68
1	42500	16986749	22.39	0.00	1	0.00	-99.00	31.57	47.71
1	42500	16986784	31.73	0.00	1	0.00	-99.00	57.38	84.49
1	42503	16987626	65.46	59.31	1	0.00	-99.00	43.26	80.97
1	42503	16987627	29.93	0.00	1	0.00	-99.00	48.57	73.94
1	42503	16987657	38.44	0.00	1	0.00	-99.00	52.69	90.00
1	42503	16987697	40.74	0.00	1	0.00	-99.00	25.13	63.98
1	42503	16987728	22.11	0.00	1	0.00	-99.00	57.71	70.96
1	42503	16987730	46.96	0.00	1	0.00	-99.00	37.56	81.64
1	42503	16987740	32.01	0.00	1	0.00	-99.00	22.30	52.17
1	42503	16987772	28.86	53.71	1	0.00	-99.00	57.29	68.51
1	42503	16987799	26.19	0.00	1	0.00	-99.00	17.99	42.77
1	42503	16987833	29.60	0.00	1	0.00	-99.00	65.23	83.59
1	42503	16987851	30.04	0.00	1	0.00	-99.00	43.82	72.57
1	42503	16987890	42.05	0.00	1	0.00	-99.00	23.52	62.04
1	42503	16987911	28.10	0.00	1	0.00	-99.00	12.67	37.46
1	42503	16987952	44.55	0.00	1	0.00	-99.00	53.91	96.23
1	42503	16987957	39.11	0.00	1	0.00	-99.00	100.57	123.45
1	42503	16987974	22.49	0.00	1	0.00	-99.00	31.36	46.22
1	42503	16987984	41.07	0.00	1	0.00	-99.00	38.33	70.06
1	42503	16987988	42.87	56.49	1	0.00	-99.00	31.12	64.89
1	42504	16988020	43.98	0.00	1	0.00	-99.00	41.26	84.23
1	42504	16988028	28.45	0.00	1	0.00	-99.00	38.74	64.67
1	42504	16988030	43.24	47.00	1	0.00	-99.00	22.92	61.89
1	42504	16988035	41.52	0.00	1	0.00	-99.00	55.19	95.62
1	42504	16988044	22.07	0.00	1	0.00	-99.00	42.97	60.82
1	42504	16988072	22.02	50.73	0	0.00	-99.00	50.64	54.83
1	42504	16988089	29.71	0.00	1	0.00	-99.00	43.38	66.31
1	42504	16988110	54.10	0.00	1	0.00	-99.00	60.59	112.77
1	42504	16988129	37.29	0.00	1	0.00	-99.00	14.05	42.79
1	42504	16988142	21.68	0.00	1	0.00	-99.00	36.06	51.38
1	42504	16988162	83.27	0.00	1	0.00	-99.00	68.60	141.77
1	42504	16988169	22.43	0.00	1	0.00	-99.00	16.31	37.66
1	42504	16988172	30.51	0.00	1	0.00	-99.00	19.83	41.91
1	42504	16988174	39.56	0.00	1	0.00	-99.00	69.45	100.52
1	42504	16988201	36.75	0.00	1	0.00	-99.00	33.77	70.45
1	42504	16988208	20.04	0.00	1	0.00	-99.00	12.34	27.99
1	42504	16988246	31.64	0.00	1	0.00	-99.00	32.55	64.00
1	42504	16988259	38.87	0.00	1	0.00	-99.00	59.34	95.56
1	42504	16988260	24.88	0.00	1	0.00	-99.00	43.89	63.81
1	42504	16988279	27.29	0.00	1	0.00	-99.00	28.58	51.19
1	42504	16988288	37.18	0.00	1	0.00	-99.00	20.40	31.53
1	42504	16988369	27.98	0.00	1	0.00	-99.00	17.16	40.51
1	42504	16988389	22.10	0.00	1	0.00	-99.00	22.91	44.20
1	42514	16992019	32.34	0.00	1	0.00	-99.00	62.09	89.28
1	42514	16992052	20.98	0.00	1	0.00	-99.00	33.83	53.17
1	42514	16992094	36.40	0.00	1	0.00	-99.00	73.99	86.64
1	42514	16992116	34.11	0.00	1	0.00	-99.00	35.13	67.17
1	42514	16992128	31.86	0.00	1	0.00	-99.00	56.09	81.34
1	42514	16992138	55.02	0.00	1	0.00	-99.00	91.38	141.37
1	42514	16992148	38.42	0.00	1	0.00	-99.00	35.59	72.93
1	42514	16992204	41.26	0.00	1	0.00	-99.00	54.19	94.51
1	42514	16992206	37.43	0.00	1	0.00	-99.00	35.74	72.64
1	42514	16992211	40.89	0.00	1	0.00	-99.00	56.64	96.21
1	42514	16992218	240.41	262.10	1	0.00	-99.00	59.18	64.14
1	42514	16992224	35.74	0.00	1	0.00	-99.00	66.74	93.40
1	42514	16992226	38.16	0.00	1	0.00	-99.00	42.66	75.30
1	42514	16992236	33.48	0.00	1	0.00	-99.00	31.90	62.88
1	42514	16992240	20.77	0.00	1	0.00	-99.00	33.50	52.50
1	42514	16992291	25.35	0.00	1	0.00	-99.00	33.93	56.91
1	42514	16992314	44.54	0.00	1	0.00	-99.00	10.09	39.11
1	42514	16992331	24.33	0.00	1	0.00	-99.00	23.84	47.42
1	42514	16992335	36.89	0.00	1	0.00	-99.00	45.20	77.20
1	42514	16992363	32.66	54.11	1	0.00	-99.00	56.70	81.75
1	42514	16992369	54.54	0.00	1	0.00	-99.00	68.54	122.14
1	42514	16992374	41.42	0.00	1	0.00	-99.00	34.53	72.87
1	42514	16992388	31.66	56.77	1	0.00	-99.00	23.91	7.60
1	42514	16992398	34.29	0.00	1	0.00	-99.00	82.46	102.80
1	61440	24556049	20.31	0.00	1	0.00	-99.00	44.81	59.99
1	61440	24556073	26.32	0.00	1	0.00	-99.00	30.17	56.05
1	61440	24556082	58.11	0.00	1	0.00	-99.00	37.22	93.01
1	61440	24556126	23.31	0.00	1	0.00	-99.00	36.47	58.28
1	61440	24556204	43.02	0.00	1	0.00	-99.00	11.97	45.27
1	61440	24556208	30.20	0.00	1	0.00	-99.00	34.71	64.38
1	61440	24556228	37.52	0.00	1	0.00	-99.00	48.53	84.63
1	61440	24556236	30.48	0.00	1	0.00	-99.00	45.85	73.20
1	61440	24556259	34.25	0.00	1	0.00	-99.00	32.87	67.11
1	61440	24556274	45.36	82.35	0	0.00	-99.00	44.09	79.52
1	61440	24556303	21.14	0.00	1	0.00	-99.00	44.16	49.06
1	61440	24556305	35.96	0.00	1	0.00	-99.00	26.09	26.38
1	61440	24556307	26.12	0.00	1	0.00	-99.00	15.51	40.24
1	61440	24556308	34.51	0.00	1	0.00	-99.00	77.93	101.44
1	61440	24556331	42.91	0.00	1	0.00	-99.00	26.23	66.72
1	61440	24556336	39.25	0.00	1	0.00	-99.00	12.61	39.25
1	61440	24556338	32.01	0.00	1	0.00	-99.00	66.12	91.75
1	61440	24556350	34.64	0.00	1	0.00	-99.00	13.70	34.96
1	61440	24556356	45.56	0.00	1	0.00	-99.00	33.96	74.14
1	61440	24556373	26.48	0.00	0	0.00	-99.00	51.33	70.16
1	61440	24556400	36.74	0.00	1	0.00	-99.00	16.51	25.70
1	61453	24561203	29.18	0.00	1	0.00	-99.00	19.82	44.86
1	61453	24561210	20.67	0.00	1	0.00	-99.00	73.67	75.82
1	61453	24561225	43.65	0.00	1	0.00	-99.00	27.95	66.57
1	61453	24561268	26.46	0.00	1	0.00	-99.00	114.95	101.61
1	61453	24561296	37.63	0.00	1	0.00	-99.00	41.09	78.63
1	61453	24561302	38.20	0.00	1	0.00	-99.00	31.32	65.71
1	61453	24561303	42.39	0.00	1	0.00	-99.00	51.55	88.40
1	61453	24561321	27.21	0.00	1	0.00	-99.00	47.76	69.36
1	61453	24561362	21.29	48.51	0	0.00	-99.00	63.44	64.47
1	61453	24561389	72.21	96.98	1	0.00	-99.00	58.33	99.75
1	61453	24561399	38.62	0.00	1	0.00	-99.00	51.16	88.79
1	61453	24561419	40.83	0.00	1	0.00	-99.00	60.13	98.82
1	61453	24561477	36.09	0.00	1	0.00	-99.00	74.70	103.12
1	61453	24561502	34.55	0.00	1	0.00	-99.00	12.34	41.16
1	61453	24561515	132.72	65.48	1	0.00	-99.00	26.70	98.94
1	61453	24561519	47.45	0.00	1	0.00	-99.00	99.38	127.58
1	61453	24561545	44.11	0.00	1	0.00	-99.00	28.45	70.66
1	61453	24561551	41.12	0.00	1	0.00	-99.00	96.10	102.52
1	61453	24561572	66.62	51.44	1	0.00	-99.00	32.70	72.87
1	61453	24561578	34.60	0.00	1	0.00	-99.00	39.58	73.94
1	61453	24561586	22.66	0.00	1	0.00	-99.00	18.57	40.89
1	61453	24561588	28.63	0.00	1	0.00	-99.00	53.57	76.24
1	61453	24561593	46.37	0.00	1	0.00	-99.00	58.61	101.41
1	61453	24561594	40.17	0.00	1	0.00	-99.00	25.25	63.60
1	61453	24561595	26.66	0.00	1	0.00	-99.00	22.26	44.81
1	61504	24581623	50.58	0.00	1	0.00	-99.00	38.89	88.62
1	61504	24581674	29.06	0.00	1	0.00	-99.00	45.31	69.03
1	61504	24581688	28.09	0.00	1	0.00	-99.00	37.09	56.69
1	61504	24581721	38.76	0.00	1	0.00	-99.00	34.58	61.05
1	61504	24581762	32.96	0.00	1	0.00	-99.00	61.38	87.12
1	61504	24581767	34.49	0.00	1	0.00	-99.00	49.19	82.10
1	61504	24581799	30.20	0.00	1	0.00	-99.00	49.80	75.81
1	61504	24581803	71.84	40.55	1	0.00	-99.00	16.19	3.68
1	61504	24581830	29.19	0.00	1	0.00	-99.00	30.74	59.84
1	61504	24581833	44.25	0.00	1	0.00	-99.00	16.98	46.96
1	61504	24581852	34.06	0.00	1	0.00	-99.00	42.08	73.10
1	61504	24581853	41.31	0.00	1	0.00	-99.00	30.23	70.33
1	61504	24581921	41.79	0.00	1	0.00	-99.00	51.30	92.46
1	61504	24581939	23.84	0.00	1	0.00	-99.00	32.27	53.74
1	61504	24581940	33.25	0.00	1	0.00	-99.00	10.77	37.84
1	61504	24581962	35.48	0.00	1	0.00	-99.00	42.61	75.79
1	61527	24590813	21.41	0.00	1	0.00	-99.00	28.22	49.16
1	61527	24590830	28.47	0.00	1	0.00	-99.00	67.86	86.09
1	61527	24590834	33.21	0.00	1	0.00	-99.00	39.93	72.48
1	61527	24590842	35.64	0.00	1	0.00	-99.00	38.07	73.48
1	61527	24590874	51.34	0.00	1	0.00	-99.00	66.98	116.38
1	61527	24590893	32.09	0.00	1	0.00	-99.00	52.49	81.82
1	61527	24590894	46.50	0.00	1	0.00	-99.00	43.57	83.39
1	61527	24590904	32.47	0.00	1	0.00	-99.00	29.50	61.46
1	61527	24590920	29.93	0.00	1	0.00	-99.00	60.06	80.01
1	61527	24590931	20.08	0.00	1	0.00	-99.00	67.09	72.41
1	61527	24590936	36.62	0.00	1	0.00	-99.00	31.94	68.40
1	61527	24590951	33.58	0.00	1	0.00	-99.00	52.92	83.75
1	61527	24590957	38.50	0.00	1	0.00	-99.00	49.81	85.75
1	61527	24590969	34.49	0.00	1	0.00	-99.00	39.00	66.37
1	61527	24590990	29.34	0.00	1	0.00	-99.00	35.87	60.94
1	61527	24591024	39.42	0.00	1	0.00	-99.00	53.00	85.45
1	61527	24591039	36.96	0.00	1	0.00	-99.00	58.78	87.56
1	61527	24591061	20.86	0.00	1	0.00	-99.00	47.00	62.54
1	61527	24591089	27.28	0.00	1	0.00	-99.00	24.71	44.02
1	61527	24591148	32.52	0.00	1	0.00	-99.00	37.37	68.69
1	61527	24591168	53.80	0.00	1	0.00	-99.00	28.52	77.54
1	61527	24591193	45.47	43.29	1	0.00	-99.00	27.60	70.08
1	61528	24591248	32.96	0.00	1	0.00	-99.00	46.61	76.35
1	61528	24591268	31.83	0.00	0	0.00	-99.00	43.71	74.53
1	61528	24591285	29.41	0.00	1	0.00	-99.00	35.99	65.04
1	61528	24591325	40.49	0.00	1	0.00	-99.00	17.88	33.85
1	61528	24591365	49.80	52.00	1	0.00	-99.00	35.82	84.10
1	61528	24591390	29.87	0.00	1	0.00	-99.00	10.72	35.59
1	61528	24591398	27.74	0.00	1	0.00	-99.00	39.31	62.83
1	61528	24591436	27.66	0.00	1	0.00	-99.00	50.85	71.67
1	61528	24591468	31.75	0.00	1	0.00	-99.00	7.77	31.22
1	61528	24591482	35.67	0.00	1	0.00	-99.00	44.97	74.86
1	61528	24591512	39.71	0.00	1	0.00	-99.00	48.08	85.70
1	61528	24591551	31.96	0.00	1	0.00	-99.00	20.37	46.34
1	61528	24591554	24.95	0.00	1	0.00	-99.00	28.94	53.70
1	61528	24591576	35.46	40.34	1	0.00	-99.00	38.14	73.47
1	61528	24591598	32.23	0.00	1	0.00	-99.00	28.53	52.27
1	188961	75523607	28.46	0.00	1	0.00	-99.00	6.36	0.42
1	188961	75523614	33.27	0.00	1	0.00	-99.00	22.69	54.20
1	188961	75523627	39.09	40.30	1	0.00	-99.00	51.36	89.33
1	188961	75523628	45.89	0.00	1	0.00	-99.00	49.66	94.68
1	188961	75523629	20.15	0.00	0	0.00	-99.00	35.06	53.00
1	188961	75523634	36.30	0.00	1	0.00	-99.00	52.00	86.90
1	188961	75523636	22.19	0.00	1	0.00	-99.00	31.98	52.35
1	188961	75523641	38.44	0.00	1	0.00	-99.00	62.41	96.93
1	188961	75523645	48.02	0.00	1	0.00	-99.00	34.86	48.71
1	188961	75523672	37.00	0.00	1	0.00	-99.00	50.04	83.80
1	188961	75523683	24.36	0.00	1	0.00	-99.00	44.45	65.80
1	188961	75523714	37.80	0.00	1	0.00	-99.00	56.18	87.20
1	188961	75523718	58.70	0.00	1	0.00	-99.00	35.15	90.06
1	188961	75523743	64.65	72.91	1	0.00	-99.00	22.32	49.21
1	188961	75523774	25.54	0.00	1	0.00	-99.00	34.98	59.09
1	188961	75523835	46.91	0.00	1	0.00	-99.00	50.51	93.28
1	188961	75523849	44.03	57.23	1	0.00	-99.00	49.86	84.73
1	188961	75523916	42.45	0.00	1	0.00	-99.00	39.46	80.30
1	188961	75523970	29.66	0.00	1	0.00	-99.00	11.90	20.01
1	188961	75523993	35.21	0.00	1	0.00	-99.00	86.29	104.70
1	188962	75524005	40.88	0.00	1	0.00	-99.00	27.04	66.32
1	188962	75524044	34.55	0.00	1	0.00	-99.00	36.49	67.65
1	188962	75524081	48.61	49.34	1	0.00	-99.00	29.00	64.75
1	188962	75524085	31.23	0.00	1	0.00	-99.00	22.22	52.43
1	188962	75524087	23.84	0.00	1	0.00	-99.00	16.96	37.81
1	188962	75524092	21.61	0.00	1	0.00	-99.00	8.32	25.00
1	188962	75524095	41.99	0.00	1	0.00	-99.00	37.55	78.97
1	188962	75524126	20.42	0.00	1	0.00	-99.00	30.91	45.49
1	188962	75524165	41.09	0.00	1	0.00	-99.00	49.86	88.67
1	188962	75524185	90.74	80.25	1	0.00	-99.00	29.53	62.04
1	188962	75524237	45.84	0.00	1	0.00	-99.00	64.65	107.20
1	188962	75524245	35.54	0.00	1	0.00	-99.00	24.09	50.30
1	188962	75524254	38.62	0.00	1	0.00	-99.00	32.23	69.19
1	188962	75524259	40.45	0.00	1	0.00	-99.00	9.53	29.47
1	188962	75524260	37.03	0.00	1	0.00	-99.00	19.53	49.09
1	188962	75524274	40.14	0.00	1	0.00	-99.00	58.87	97.16
1	188962	75524283	34.32	0.00	1	0.00	-99.00	70.91	95.72
1	188962	75524290	37.50	0.00	1	0.00	-99.00	54.38	88.33
1	188962	75524338	20.27	57.67	1	0.00	-99.00	34.31	35.79
1	188962	75524358	31.43	0.00	1	0.00	-99.00	53.17	79.38
1	188962	75524360	41.25	0.00	1	0.00	-99.00	27.65	58.34
1	188962	75524366	40.26	0.00	1	0.00	-99.00	62.56	87.85
1	188962	75524391	22.44	0.00	1	0.00	-99.00	46.64	64.62
1	188962	75524400	32.46	0.00	1	0.00	-99.00	41.85	73.55
1	189189	75614820	31.08	0.00	1	0.00	-99.00	33.17	63.84
1	189189	75614831	37.36	0.00	1	0.00	-99.00	33.13	65.88
1	189189	75614852	37.84	0.00	1	0.00	-99.00	36.29	72.67
1	189189	75614905	20.67	0.00	1	0.00	-99.00	47.07	62.34
1	189189	75614912	34.53	0.00	1	0.00	-99.00	50.38	80.02
1	189189	75614947	29.20	42.75	1	0.00	-99.00	37.89	38.81
1	189189	75614955	23.28	69.25	1	0.00	-99.00	39.44	21.85
1	189189	75614995	30.95	0.00	1	0.00	-99.00	49.51	77.52
1	189189	75615043	41.33	0.00	1	0.00	-99.00	15.45	43.64
1	189189	75615100	40.44	0.00	1	0.00	-99.00	13.84	38.67
1	189189	75615110	43.93	0.00	1	0.00	-99.00	24.38	65.41
1	189189	75615126	33.03	0.00	1	0.00	-99.00	13.09	41.46
1	189189	75615136	25.27	0.00	1	0.00	-99.00	31.09	37.77
1	189189	75615159	28.95	56.23	1	0.00	-99.00	78.96	76.33
1	189189	75615165	64.15	91.27	1	0.00	-99.00	67.32	9.39
1	189190	75615203	36.77	0.00	1	0.00	-99.00	42.90	76.57
1	189190	75615209	28.82	0.00	1	0.00	-99.00	20.40	48.45
1	189190	75615214	25.76	0.00	1	0.00	-99.00	22.10	47.33
1	189190	75615236	48.69	0.00	1	0.00	-99.00	59.08	106.15
1	189190	75615256	39.57	0.00	1	0.00	-99.00	49.72	88.57
1	189190	75615296	22.96	0.00	1	0.00	-99.00	30.17	47.32
1	189190	75615330	51.44	57.55	1	0.00	-99.00	36.72	46.96
1	189190	75615333	33.09	0.00	1	0.00	-99.00	63.34	91.50
1	189190	75615342	42.48	0.00	1	0.00	-99.00	47.12	82.26
1	189190	75615367	47.73	0.00	1	0.00	-99.00	12.79	42.95
1	189190	75615394	22.64	0.00	1	0.00	-99.00	22.29	43.73
1	189190	75615403	24.32	0.00	1	0.00	-99.00	46.91	67.42
1	189190	75615413	23.42	0.00	1	0.00	-99.00	28.03	51.25
1	189190	75615431	26.90	0.00	1	0.00	-99.00	25.43	43.79
1	189190	75615440	53.39	416.39	1	0.00	-99.00	354.94	62.25
1	189190	75615443	34.05	0.00	1	0.00	-99.00	56.85	87.92
1	189190	75615463	39.43	0.00	1	0.00	-99.00	34.11	73.32
1	189190	75615465	35.09	0.00	1	0.00	-99.00	68.82	96.46
1	189190	75615485	20.91	0.00	1	0.00	-99.00	22.91	43.77
1	189190	75615522	24.88	0.00	1	0.00	-99.00	62.08	77.60
1	189190	75615539	31.73	0.00	1	0.00	-99.00	23.52	54.59
1	189190	75615541	34.72	0.00	1	0.00	-99.00	40.93	72.39
1	189190	75615542	40.96	0.00	1	0.00	-99.00	32.87	67.78
1	189190	75615549	51.14	41.88	1	0.00	-99.00	14.05	50.96
1	189190	75615559	32.24	0.00	1	0.00	-99.00	39.07	58.70
1	189190	75615574	50.27	0.00	1	0.00	-99.00	23.27	35.40
1	189190	75615593	30.40	0.00	1	0.00	-99.00	35.19	65.04
1	189193	75616409	52.11	0.00	1	0.00	-99.00	32.82	82.67
1	189193	75616416	27.73	0.00	1	0.00	-99.00	25.85	49.24
1	189193	75616428	36.99	0.00	1	0.00	-99.00	66.05	98.59
1	189193	75616468	27.86	0.00	1	0.00	-99.00	19.10	46.11
1	189193	75616480	34.32	0.00	1	0.00	-99.00	55.29	85.01
1	189193	75616484	25.44	0.00	1	0.00	-99.00	32.73	57.69
1	189193	75616511	20.67	0.00	1	0.00	-99.00	7.05	8.55
1	189193	75616531	48.49	0.00	1	0.00	-99.00	42.11	90.34
1	189193	75616532	36.97	0.00	1	0.00	-99.00	58.01	92.21
1	189193	75616577	24.11	0.00	1	0.00	-99.00	36.07	58.95
1	189193	75616600	38.12	0.00	1	0.00	-99.00	32.55	64.81
1	189193	75616616	27.13	0.00	1	0.00	-99.00	28.40	54.49
1	189193	75616652	72.23	0.00	1	0.00	-99.00	68.67	138.52
1	189193	75616657	41.87	0.00	1	0.00	-99.00	58.24	96.59
1	189193	75616668	43.42	0.00	1	0.00	-99.00	37.97	80.89
1	189193	75616669	26.14	0.00	1	0.00	-99.00	50.02	68.56
1	189193	75616671	44.34	0.00	1	0.00	-99.00	13.40	48.56
1	189193	75616673	22.96	0.00	1	0.00	-99.00	59.50	71.21
1	189193	75616683	36.96	0.00	1	0.00	-99.00	30.10	66.57
1	189193	75616697	38.50	0.00	1	0.00	-99.00	59.94	96.03
1	189193	75616703	37.19	0.00	1	0.00	-99.00	30.62	67.28
1	189193	75616718	67.06	44.22	1	0.00	-99.00	25.63	67.97
1	189193	75616735	22.96	0.00	1	0.00	-99.00	38.89	54.64
1	189193	75616754	28.14	0.00	1	0.00	-99.00	86.51	96.25
1	189193	75616759	31.61	0.00	1	0.00	-99.00	35.06	58.75
1	189193	75616760	35.40	0.00	1	0.00	-99.00	31.21	66.05
1	189193	75616762	40.03	0.00	1	0.00	-99.00	56.07	92.95
1	189193	75616767	30.02	0.00	1	0.00	-99.00	41.70	68.27
1	189578	75770415	30.12	0.00	1	0.00	-99.00	42.39	69.43
1	189578	75770419	39.42	0.00	1	0.00	-99.00	31.56	65.72
1	189578	75770433	33.36	0.00	1	0.00	-99.00	75.49	99.99
1	189578	75770446	34.72	0.00	1	0.00	-99.00	50.56	83.79
1	189578	75770450	70.89	0.00	1	0.00	-99.00	17.78	58.38
1	189578	75770473	32.63	0.00	1	0.00	-99.00	35.62	67.91
1	189578	75770476	20.74	0.00	1	0.00	-99.00	59.90	70.26
1	189578	75770479	29.73	0.00	0	0.00	-99.00	78.38	96.52
1	189578	75770486	40.12	0.00	1	0.00	-99.00	55.94	94.74
1	189578	75770488	38.74	0.00	1	0.00	-99.00	38.25	76.44
1	189578	75770530	33.70	0.00	1	0.00	-99.00	20.90	50.42
1	189578	75770547	42.47	0.00	1	0.00	-99.00	23.21	50.92
1	189578	75770557	36.82	0.00	1	0.00	-99.00	21.37	55.84
1	189578	75770597	75.43	63.97	1	0.00	-99.00	19.18	75.40
1	189578	75770612	34.97	0.00	1	0.00	-99.00	34.12	64.36
1	189578	75770624	46.32	0.00	1	0.00	-99.00	36.04	77.63
1	189578	75770638	61.19	0.00	1	0.00	-99.00	59.06	119.42
1	189578	75770673	36.27	0.00	1	0.00	-99.00	69.85	99.04
1	189578	75770702	48.87	0.00	1	0.00	-99.00	32.58	79.76
1	189578	75770712	31.56	0.00	1	0.00	-99.00	56.77	84.65
1	189578	75770724	37.48	0.00	1	0.00	-99.00	30.05	66.61
1	189578	75770729	27.41	0.00	1	0.00	-99.00	45.01	70.23
1	189578	75770751	21.94	0.00	1	0.00	-99.00	39.20	55.08
1	189578	75770756	40.86	42.34	1	0.00	-99.00	60.38	89.47
1	189578	75770772	63.55	77.15	1	0.00	-99.00	68.56	120.66
1	189578	75770775	33.01	0.00	1	0.00	-99.00	35.58	58.16
1	189578	75770776	33.37	0.00	1	0.00	-99.00	41.76	74.65
1	189578	75770777	37.90	0.00	1	0.00	-99.00	32.67	69.69
1	189578	75770800	28.93	0.00	1	0.00	-99.00	40.73	60.73
1	189585	75773201	40.59	0.00	1	0.00	-99.00	44.41	84.81
1	189585	75773239	42.03	0.00	1	0.00	-99.00	31.34	72.22
1	189585	75773246	43.80	0.00	1	0.00	-99.00	18.73	44.21
1	189585	75773264	33.91	0.00	1	0.00	-99.00	66.78	93.68
1	189585	75773270	26.82	0.00	1	0.00	-99.00	24.45	47.69
1	189585	75773271	35.17	0.00	1	0.00	-99.00	41.61	74.01
1	189585	75773287	32.56	0.00	1	0.00	-99.00	66.21	82.73
1	189585	75773292	46.43	0.00	0	0.00	-99.00	31.67	76.66
1	189585	75773306	53.90	0.00	1	0.00	-99.00	55.02	107.86
1	189585	75773327	66.07	0.00	1	0.00	-99.00	10.54	24.17
1	189585	75773348	52.18	0.00	1	0.00	-99.00	32.43	81.10
1	189585	75773359	32.58	0.00	1	0.00	-99.00	48.19	79.04
1	189585	75773365	55.39	77.19	1	0.00	-99.00	13.04	48.39
1	189585	75773415	37.31	0.00	1	0.00	-99.00	35.98	72.02
1	189585	75773437	41.95	88.66	1	0.00	-99.00	33.08	64.21
1	189585	75773450	29.04	0.00	1	0.00	-99.00	67.18	87.57
1	189585	75773486	50.30	41.89	1	0.00	-99.00	18.80	55.38
1	189585	75773502	31.97	66.91	1	0.00	-99.00	53.47	68.28
1	189585	75773506	43.41	0.00	1	0.00	-99.00	51.05	93.63
1	189585	75773523	21.53	0.00	1	0.00	-99.00	6.17	21.08
1	189585	75773533	29.45	0.00	1	0.00	-99.00	63.61	77.67
1	189585	75773543	34.22	0.00	1	0.00	-99.00	49.41	76.35
1	189585	75773554	35.48	0.00	1	0.00	-99.00	33.26	67.87
1	189585	75773571	32.52	0.00	1	0.00	-99.00	24.69	55.93
1	189585	75773585	39.27	0.00	1	0.00	-99.00	21.26	31.71
1	189585	75773599	32.05	0.00	1	0.00	-99.00	24.87	56.06
1	189605	75781252	35.83	0.00	1	0.00	-99.00	36.65	68.79
1	189605	75781257	59.10	71.42	0	0.00	-99.00	28.39	30.72
1	189605	75781258	41.98	0.00	1	0.00	-99.00	46.59	86.68
1	189605	75781269	36.40	58.18	1	0.00	-99.00	30.84	48.78
1	189605	75781278	40.28	0.00	1	0.00	-99.00	50.72	88.48
1	189605	75781291	34.90	0.00	1	0.00	-99.00	63.16	91.90
1	189605	75781323	30.07	0.00	1	0.00	-99.00	52.64	77.48
1	189605	75781392	43.44	0.00	1	0.00	-99.00	61.39	103.24
1	189605	75781412	54.74	40.01	1	0.00	-99.00	41.23	94.91
1	189605	75781428	28.67	0.00	1	0.00	-99.00	21.78	46.42
1	189605	75781438	47.06	0.00	1	0.00	-99.00	54.49	93.61
1	189605	75781466	37.97	0.00	1	0.00	-99.00	42.45	79.70
1	189605	75781507	38.63	0.00	1	0.00	-99.00	46.69	82.13
1	189605	75781531	29.88	0.00	1	0.00	-99.00	52.52	79.22
1	189605	75781536	71.95	0.00	1	0.00	-99.00	87.00	155.11
1	189605	75781553	47.02	0.00	1	0.00	-99.00	46.70	88.62
1	189605	75781579	30.67	0.00	1	0.00	-99.00	22.34	29.60
1	189605	75781580	90.92	72.17	1	0.00	-99.00	16.62	18.02
1	189609	75782833	36.91	0.00	0	0.00	-99.00	76.74	106.44
1	189609	75782874	38.80	0.00	1	0.00	-99.00	32.44	69.68
1	189609	75782887	20.18	0.00	1	0.00	-99.00	35.40	53.09
1	189609	75782894	28.44	0.00	1	0.00	-99.00	43.69	66.90
1	189609	75782897	38.99	44.47	1	0.00	-99.00	57.88	91.51
1	189609	75782905	40.20	0.00	1	0.00	-99.00	51.43	90.94
1	189609	75782924	45.76	0.00	1	0.00	-99.00	67.97	107.07
1	189609	75782935	33.32	0.00	1	0.00	-99.00	53.49	83.97
1	189609	75782967	36.85	0.00	1	0.00	-99.00	53.99	88.50
1	189609	75782977	33.54	0.00	1	0.00	-99.00	43.85	76.56
1	189609	75782991	24.96	0.00	0	0.00	-99.00	48.35	54.14
1	189609	75783022	42.54	59.64	1	0.00	-99.00	48.42	89.05
1	189609	75783036	27.99	0.00	1	0.00	-99.00	43.89	67.47
1	189609	75783047	46.19	60.51	1	0.00	-99.00	111.51	34.25
1	189609	75783090	31.51	0.00	1	0.00	-99.00	38.36	69.52
1	189609	75783108	43.66	0.00	1	0.00	-99.00	51.36	94.71
1	189609	75783111	39.36	0.00	1	0.00	-99.00	29.60	68.15
1	189609	75783112	45.86	0.00	1	0.00	-99.00	38.04	69.56
1	189609	75783128	53.45	0.00	1	0.00	-99.00	38.93	90.72
1	189609	75783144	40.44	0.00	1	0.00	-99.00	65.71	101.59
1	189609	75783151	34.16	0.00	1	0.00	-99.00	20.25	30.16
1	189609	75783160	39.03	0.00	1	0.00	-99.00	27.69	65.74
1	189609	75783171	36.35	0.00	1	0.00	-99.00	49.99	81.78
1	189609	75783187	47.13	0.00	1	0.00	-99.00	50.28	96.29
1	189611	75783605	34.42	0.00	1	0.00	-99.00	53.65	85.74
1	189611	75783607	27.66	0.00	1	0.00	-99.00	24.00	48.56
1	189611	75783609	39.64	0.00	1	0.00	-99.00	46.60	79.58
1	189611	75783629	26.13	0.00	1	0.00	-99.00	44.93	68.46
1	189611	75783632	21.70	0.00	1	0.00	-99.00	20.57	39.02
1	189611	75783640	41.59	0.00	1	0.00	-99.00	31.28	59.51
1	189611	75783661	20.13	0.00	1	0.00	-99.00	65.17	68.83
1	189611	75783663	39.57	0.00	1	0.00	-99.00	80.84	112.07
1	189611	75783676	47.31	0.00	1	0.00	-99.00	32.19	78.02
1	189611	75783698	41.86	0.00	1	0.00	-99.00	38.64	78.30
1	189611	75783723	29.91	0.00	1	0.00	-99.00	16.79	44.80
1	189611	75783792	34.82	0.00	1	0.00	-99.00	42.34	72.98
1	189611	75783811	28.88	0.00	1	0.00	-99.00	40.94	68.48
1	189611	75783814	42.55	0.00	1	0.00	-99.00	15.89	51.20
1	189611	75783829	43.53	0.00	1	0.00	-99.00	33.80	76.57
1	189611	75783834	32.94	0.00	1	0.00	-99.00	68.06	84.82
1	189611	75783843	36.88	0.00	1	0.00	-99.00	56.79	90.41
1	189611	75783875	39.54	0.00	1	0.00	-99.00	16.34	43.32
1	189611	75783894	43.50	0.00	1	0.00	-99.00	46.59	89.90
1	189611	75783899	34.89	0.00	1	0.00	-99.00	44.61	66.63
1	189611	75783901	45.20	0.00	1	0.00	-99.00	23.52	63.22
1	189611	75783910	68.26	71.38	1	0.00	-99.00	7.38	8.62
1	189611	75783949	23.90	0.00	1	0.00	-99.00	72.60	82.68
1	189611	75783955	42.73	0.00	1	0.00	-99.00	17.13	51.46
1	189611	75783975	83.59	68.76	1	0.00	-99.00	78.29	99.83
1	195053	77958844	36.65	0.00	0	0.00	-99.00	43.99	79.01
1	195053	77958926	35.69	0.00	1	0.00	-99.00	28.73	61.96
1	195053	77958945	36.68	0.00	1	0.00	-99.00	23.03	58.00
1	195053	77958954	38.12	0.00	1	0.00	-99.00	46.66	83.82
1	195053	77958957	37.86	0.00	1	0.00	-99.00	36.55	74.32
1	195053	77958961	33.89	0.00	1	0.00	-99.00	47.78	80.36
1	195053	77958973	29.84	48.91	1	0.00	-99.00	50.02	77.09
1	195053	77958978	42.19	0.00	1	0.00	-99.00	29.06	69.55
1	195053	77958995	33.25	0.00	1	0.00	-99.00	62.98	89.20
1	195053	77959015	32.63	45.33	1	0.00	-99.00	29.17	61.04
1	195053	77959029	38.95	0.00	1	0.00	-99.00	64.95	99.74
1	195053	77959046	27.42	50.18	1	0.00	-99.00	27.54	52.40
1	195053	77959051	29.65	0.00	1	0.00	-99.00	67.87	88.25
1	195053	77959054	49.89	78.28	1	0.00	-99.00	52.18	67.09
1	195053	77959060	21.88	0.00	1	0.00	-99.00	52.04	64.72
1	195053	77959087	27.80	0.00	1	0.00	-99.00	24.01	36.23
1	195053	77959099	39.40	0.00	1	0.00	-99.00	12.26	40.30
1	195053	77959101	41.40	0.00	1	0.00	-99.00	34.63	75.70
1	195053	77959106	29.95	40.18	1	0.00	-99.00	80.44	88.15
1	195053	77959122	27.32	0.00	1	0.00	-99.00	37.96	64.39
1	195053	77959128	39.81	0.00	1	0.00	-99.00	40.78	79.87
1	195053	77959157	57.03	51.77	1	0.00	-99.00	36.19	77.44
1	195053	77959158	33.20	0.00	1	0.00	-99.00	44.34	74.98
1	195053	77959159	84.46	91.01	1	0.00	-99.00	36.56	94.12
1	195053	77959160	38.14	48.79	1	0.00	-99.00	40.58	78.00
1	195053	77959180	29.35	0.00	1	0.00	-99.00	55.05	76.08
1	195053	77959186	35.72	0.00	1	0.00	-99.00	23.40	41.37
1	216752	86631221	38.29	0.00	1	0.00	-99.00	27.98	62.73
1	216752	86631222	46.50	0.00	1	0.00	-99.00	9.21	17.97
1	216752	86631232	42.56	0.00	1	0.00	-99.00	55.31	96.53
1	216752	86631253	23.25	0.00	1	0.00	-99.00	56.74	71.81
1	216752	86631267	34.51	0.00	1	0.00	-99.00	13.18	42.49
1	216752	86631272	43.72	42.06	1	0.00	-99.00	46.11	89.11
1	216752	86631282	30.70	0.00	1	0.00	-99.00	24.49	50.03
1	216752	86631286	23.74	0.00	1	0.00	-99.00	39.98	54.85
1	216752	86631289	63.12	58.05	1	0.00	-99.00	14.71	51.95
1	216752	86631311	34.61	0.00	1	0.00	-99.00	28.78	62.97
1	216752	86631326	45.11	0.00	1	0.00	-99.00	41.93	84.99
1	216752	86631330	44.58	0.00	1	0.00	-99.00	46.18	89.95
1	216752	86631347	29.58	0.00	1	0.00	-99.00	25.88	55.32
1	216752	86631352	22.34	0.00	1	0.00	-99.00	5.91	21.79
1	216752	86631365	43.06	0.00	1	0.00	-99.00	34.10	75.48
1	216752	86631371	39.76	0.00	1	0.00	-99.00	43.21	82.79
1	216752	86631389	37.62	0.00	1	0.00	-99.00	57.62	92.76
1	216752	86631408	36.20	0.00	1	0.00	-99.00	26.16	61.06
1	216752	86631426	34.72	0.00	1	0.00	-99.00	41.37	75.61
1	216752	86631429	32.17	0.00	1	0.00	-99.00	32.71	48.74
1	216752	86631438	21.29	0.00	1	0.00	-99.00	24.33	42.00
1	216752	86631489	23.76	0.00	1	0.00	-99.00	11.55	26.14
1	216752	86631492	31.72	0.00	1	0.00	-99.00	5.32	25.18
1	216752	86631508	41.38	0.00	1	0.00	-99.00	79.55	91.96
1	216752	86631523	46.29	0.00	1	0.00	-99.00	60.10	104.64
1	216752	86631553	36.50	0.00	1	0.00	-99.00	63.78	91.77
1	216752	86631555	22.56	0.00	1	0.00	-99.00	23.60	45.73
1	216752	86631577	45.30	0.00	1	0.00	-99.00	47.84	92.66
1	216797	86649214	30.64	0.00	1	0.00	-99.00	49.63	72.34
1	216797	86649227	38.76	0.00	1	0.00	-99.00	38.01	70.51
1	216797	86649245	44.44	0.00	1	0.00	-99.00	34.97	78.83
1	216797	86649257	68.81	57.24	1	0.00	-99.00	30.39	66.74
1	216797	86649284	33.70	54.54	1	0.00	-99.00	58.48	88.34
1	216797	86649289	42.83	0.00	1	0.00	-99.00	38.57	81.26
1	216797	86649306	28.92	0.00	1	0.00	-99.00	48.13	73.12
1	216797	86649351	32.97	0.00	1	0.00	-99.00	54.53	84.01
1	216797	86649355	42.88	0.00	1	0.00	-99.00	25.41	63.91
1	216797	86649377	38.41	0.00	1	0.00	-99.00	58.30	92.76
1	216797	86649383	20.55	0.00	1	0.00	-99.00	68.16	58.79
1	216797	86649417	33.48	0.00	1	0.00	-99.00	52.76	73.44
1	216797	86649428	25.64	0.00	1	0.00	-99.00	31.59	54.67
1	216797	86649460	31.80	0.00	1	0.00	-99.00	41.10	62.11
1	216797	86649472	28.28	74.57	1	0.00	-99.00	92.33	3.42
1	216797	86649474	61.74	0.00	1	0.00	-99.00	39.41	98.59
1	216797	86649488	21.45	0.00	1	0.00	-99.00	22.96	15.32
1	216797	86649510	35.02	0.00	1	0.00	-99.00	50.00	81.82
1	216797	86649525	28.01	56.51	1	0.00	-99.00	72.09	58.54
1	216797	86649538	36.32	0.00	1	0.00	-99.00	65.89	93.79
1	216797	86649573	37.87	0.00	1	0.00	-99.00	48.51	84.37
1	255285	102032006	22.04	0.00	1	0.00	-99.00	45.94	57.00
1	255285	102032009	30.08	0.00	1	0.00	-99.00	12.85	39.29
1	255285	102032018	35.04	0.00	1	0.00	-99.00	52.19	78.87
1	255285	102032024	40.99	0.00	1	0.00	-99.00	34.75	75.38
1	255285	102032052	35.60	0.00	1	0.00	-99.00	64.07	92.08
1	255285	102032118	36.64	0.00	1	0.00	-99.00	35.28	68.58
1	255285	102032142	34.70	0.00	1	0.00	-99.00	47.82	79.61
1	255285	102032145	40.92	0.00	1	0.00	-99.00	37.12	76.96
1	255285	102032209	21.66	0.00	1	0.00	-99.00	35.35	51.82
1	255285	102032269	26.31	0.00	1	0.00	-99.00	15.50	40.26
1	255285	102032279	24.86	0.00	1	0.00	-99.00	16.62	35.71
1	255285	102032281	28.70	0.00	1	0.00	-99.00	45.60	70.21
1	255285	102032304	34.44	0.00	1	0.00	-99.00	25.08	56.51
1	255285	102032314	34.89	0.00	1	0.00	-99.00	58.07	86.81
1	255285	102032326	47.44	0.00	1	0.00	-99.00	47.95	91.82
1	255285	102032348	34.09	0.00	1	0.00	-99.00	39.67	73.28
1	255285	102032356	41.09	0.00	1	0.00	-99.00	43.06	83.82
1	255285	102032359	30.62	0.00	1	0.00	-99.00	24.94	53.84
1	255285	102032393	50.02	0.00	1	0.00	-99.00	28.59	75.49
1	255285	102032395	33.04	0.00	1	0.00	-99.00	44.35	73.44
1	255290	102034012	37.91	0.00	1	0.00	-99.00	27.77	64.45
1	255290	102034017	32.41	0.00	1	0.00	-99.00	20.64	50.72
1	255290	102034029	35.87	0.00	1	0.00	-99.00	26.81	61.87
1	255290	102034056	31.52	0.00	1	0.00	-99.00	70.61	94.16
1	255290	102034069	25.28	0.00	1	0.00	-99.00	43.39	66.23
1	255290	102034089	98.29	61.61	1	0.00	-99.00	46.51	108.02
1	255290	102034091	31.10	0.00	1	0.00	-99.00	49.24	73.33
1	255290	102034094	36.15	0.00	1	0.00	-99.00	34.51	70.26
1	255290	102034101	31.00	0.00	1	0.00	-99.00	47.54	61.92
1	255290	102034114	45.33	0.00	1	0.00	-99.00	20.99	59.55
1	255290	102034123	25.21	0.00	1	0.00	-99.00	89.95	68.90
1	255290	102034129	59.98	106.24	1	0.00	-99.00	20.31	69.72
1	255290	102034131	32.45	0.00	1	0.00	-99.00	40.33	71.32
1	255290	102034153	44.46	0.00	1	0.00	-99.00	55.01	86.97
1	255290	102034168	31.64	0.00	1	0.00	-99.00	76.08	97.36
1	255290	102034203	36.05	0.00	1	0.00	-99.00	19.34	52.78
1	255290	102034208	24.62	0.00	1	0.00	-99.00	29.20	52.62
1	255290	102034210	31.47	0.00	1	0.00	-99.00	38.13	66.25
1	255290	102034245	27.45	41.62	1	0.00	-99.00	34.50	60.79
1	255290	102034282	33.26	0.00	1	0.00	-99.00	42.67	72.80
1	255290	102034314	42.47	0.00	1	0.00	-99.00	17.74	49.73
1	255290	102034320	34.69	0.00	1	0.00	-99.00	83.34	105.67
1	255290	102034359	33.59	0.00	1	0.00	-99.00	39.59	68.79
1	255290	102034365	31.69	0.00	0	0.00	-99.00	16.21	44.08
1	255290	102034382	37.86	0.00	1	0.00	-99.00	30.13	66.60
1	255290	102034400	119.68	106.90	1	0.00	-99.00	17.95	63.61
1	255292	102034807	24.66	0.00	1	0.00	-99.00	16.77	40.12
1	255292	102034808	24.74	0.00	1	0.00	-99.00	72.34	83.41
1	255292	102034816	37.93	0.00	1	0.00	-99.00	58.38	94.06
1	255292	102034831	29.44	0.00	1	0.00	-99.00	31.95	61.31
1	255292	102034833	28.40	0.00	1	0.00	-99.00	42.67	68.00
1	255292	102034840	41.61	0.00	1	0.00	-99.00	33.68	72.55
1	255292	102034851	23.34	0.00	1	0.00	-99.00	44.62	64.19
1	255292	102034909	28.05	0.00	1	0.00	-99.00	37.43	64.24
1	255292	102034910	35.28	0.00	1	0.00	-99.00	38.90	71.93
1	255292	102034946	34.63	0.00	1	0.00	-99.00	19.60	51.97
1	255292	102034954	37.48	0.00	1	0.00	-99.00	31.90	67.74
1	255292	102034955	35.30	0.00	1	0.00	-99.00	61.79	91.35
1	255292	102034956	33.12	0.00	1	0.00	-99.00	68.59	95.32
1	255292	102034976	42.14	0.00	1	0.00	-99.00	51.04	91.97
1	255292	102034984	25.67	0.00	1	0.00	-99.00	71.56	68.56
1	255292	102035005	40.28	0.00	1	0.00	-99.00	25.12	59.72
1	255292	102035050	47.69	0.00	1	0.00	-99.00	8.24	39.37
1	255292	102035057	20.82	0.00	1	0.00	-99.00	39.34	57.16
1	255292	102035068	31.63	0.00	1	0.00	-99.00	37.13	66.96
1	255292	102035069	40.11	0.00	1	0.00	-99.00	35.22	74.82
1	255292	102035082	32.53	0.00	1	0.00	-99.00	84.50	95.25
1	255292	102035100	30.84	0.00	1	0.00	-99.00	44.73	73.97
1	255292	102035109	41.83	0.00	1	0.00	-99.00	37.77	73.35
1	255292	102035129	77.05	47.63	1	0.00	-99.00	35.69	80.15
1	255292	102035155	62.66	95.02	1	0.00	-99.00	15.39	53.23
1	255292	102035158	48.90	0.00	1	0.00	-99.00	55.93	103.99
1	255292	102035162	36.35	0.00	1	0.00	-99.00	48.48	82.03
1	255289	102033605	47.57	0.00	1	0.00	-99.00	63.36	107.32
1	255289	102033625	58.75	0.00	1	0.00	-99.00	37.82	94.26
1	255289	102033631	21.69	0.00	1	0.00	-99.00	25.30	41.24
1	255289	102033654	42.19	0.00	1	0.00	-99.00	38.47	76.92
1	255289	102033740	39.22	0.00	1	0.00	-99.00	46.13	85.04
1	255289	102033747	33.02	0.00	0	0.00	-99.00	24.52	56.20
1	255289	102033790	39.63	0.00	1	0.00	-99.00	31.40	70.53
1	255289	102033835	38.51	0.00	1	0.00	-99.00	24.05	60.73
1	255289	102033847	39.86	0.00	0	0.00	-99.00	40.19	72.15
1	255289	102033876	46.48	0.00	1	0.00	-99.00	35.33	79.81
1	255289	102033884	26.29	0.00	1	0.00	-99.00	50.40	72.49
1	255289	102033885	50.66	0.00	1	0.00	-99.00	62.21	109.81
1	255289	102033886	25.85	0.00	1	0.00	-99.00	21.04	45.61
1	255289	102033888	26.05	0.00	1	0.00	-99.00	29.85	55.75
1	255289	102033913	41.71	0.00	1	0.00	-99.00	27.45	67.36
1	255289	102033923	39.09	0.00	1	0.00	-99.00	35.92	74.68
1	255289	102033925	22.92	0.00	1	0.00	-99.00	13.30	30.01
1	255289	102033939	41.15	0.00	1	0.00	-99.00	42.42	83.05
1	255289	102033940	31.11	0.00	1	0.00	-99.00	28.11	59.14
1	255289	102033944	23.55	0.00	1	0.00	-99.00	57.56	72.31
1	255289	102033989	37.80	0.00	1	0.00	-99.00	59.87	94.16
1	255289	102033999	31.13	0.00	1	0.00	-99.00	9.76	34.82
1	255298	102037214	58.97	57.23	1	0.00	-99.00	17.34	14.19
1	255298	102037220	24.23	0.00	1	0.00	-99.00	50.21	69.71
1	255298	102037238	45.15	0.00	1	0.00	-99.00	57.66	92.66
1	255298	102037243	41.41	0.00	1	0.00	-99.00	14.56	48.62
1	255298	102037244	76.44	106.32	1	0.00	-99.00	42.17	14.12
1	255298	102037252	27.95	0.00	1	0.00	-99.00	21.72	30.57
1	255298	102037255	30.90	0.00	1	0.00	-99.00	35.89	61.33
1	255298	102037264	44.08	41.85	1	0.00	-99.00	44.64	82.68
1	255298	102037286	44.22	0.00	1	0.00	-99.00	36.59	80.02
1	255298	102037295	37.22	0.00	1	0.00	-99.00	43.97	80.43
1	255298	102037311	32.27	0.00	0	0.00	-99.00	65.09	91.29
1	255298	102037313	36.61	0.00	1	0.00	-99.00	38.47	74.34
1	255298	102037316	38.79	0.00	1	0.00	-99.00	79.71	109.70
1	255298	102037322	41.25	0.00	1	0.00	-99.00	70.97	104.74
1	255298	102037323	60.68	0.00	1	0.00	-99.00	21.54	47.30
1	255298	102037324	41.06	0.00	1	0.00	-99.00	77.19	112.21
1	255298	102037333	51.32	0.00	1	0.00	-99.00	53.32	103.94
1	255298	102037340	21.61	0.00	1	0.00	-99.00	23.16	44.73
1	255298	102037348	32.85	0.00	1	0.00	-99.00	17.23	43.08
1	255298	102037355	39.27	0.00	1	0.00	-99.00	43.31	82.47
1	255298	102037363	32.37	0.00	1	0.00	-99.00	43.14	74.64
1	255298	102037372	23.00	0.00	1	0.00	-99.00	12.25	29.80
1	255298	102037382	26.04	0.00	1	0.00	-99.00	34.02	59.31
1	255298	102037384	50.24	0.00	1	0.00	-99.00	29.01	64.97
1	255298	102037387	31.20	56.61	1	0.00	-99.00	38.57	37.57
1	255298	102037421	32.75	0.00	1	0.00	-99.00	56.96	86.34
1	255298	102037450	30.99	0.00	1	0.00	-99.00	71.85	94.35
1	255298	102037468	31.30	0.00	1	0.00	-99.00	29.74	59.87
1	255298	102037469	32.39	0.00	1	0.00	-99.00	6.12	1.77
1	255298	102037487	41.72	0.00	1	0.00	-99.00	44.83	78.73
1	255298	102037491	30.72	0.00	1	0.00	-99.00	54.32	80.93
1	255298	102037498	51.95	0.00	1	0.00	-99.00	31.99	73.50
1	255298	102037513	41.07	0.00	1	0.00	-99.00	41.51	78.79
1	255298	102037516	44.92	0.00	1	0.00	-99.00	55.00	85.46
1	255298	102037523	39.95	0.00	1	0.00	-99.00	51.38	89.04
1	255298	102037536	38.22	0.00	1	0.00	-99.00	46.99	82.41
1	255298	102037562	42.96	0.00	1	0.00	-99.00	41.44	81.89
1	255298	102037572	34.00	0.00	1	0.00	-99.00	69.30	82.28
1	255298	102037574	26.55	40.57	1	0.00	-99.00	48.51	64.05
1	255298	102037587	46.95	0.00	1	0.00	-99.00	54.13	95.08
1	255298	102037590	38.22	0.00	1	0.00	-99.00	27.86	65.20
1	255355	102060009	25.29	0.00	1	0.00	-99.00	15.42	39.33
1	255355	102060014	49.02	0.00	1	0.00	-99.00	70.69	117.12
1	255355	102060027	26.92	0.00	1	0.00	-99.00	25.46	52.19
1	255355	102060034	34.73	0.00	1	0.00	-99.00	64.51	85.31
1	255355	102060076	29.34	0.00	1	0.00	-99.00	38.99	66.94
1	255355	102060078	39.04	0.00	1	0.00	-99.00	92.10	118.81
1	255355	102060082	27.34	0.00	1	0.00	-99.00	51.06	74.64
1	255355	102060084	23.56	0.00	1	0.00	-99.00	30.04	47.07
1	255355	102060096	44.20	0.00	1	0.00	-99.00	20.76	59.50
1	255355	102060104	55.92	0.00	1	0.00	-99.00	24.78	67.96
1	255355	102060130	20.59	0.00	1	0.00	-99.00	23.15	31.07
1	255355	102060150	29.13	0.00	1	0.00	-99.00	29.13	57.84
1	255355	102060157	30.59	54.26	0	0.00	-99.00	80.61	78.40
1	255355	102060188	43.95	44.08	1	0.00	-99.00	48.01	91.66
1	255355	102060205	22.60	0.00	1	0.00	-99.00	10.04	14.60
1	255355	102060206	32.70	0.00	1	0.00	-99.00	57.21	86.09
1	255355	102060212	39.09	0.00	1	0.00	-99.00	27.81	65.93
1	255355	102060214	23.60	46.66	1	0.00	-99.00	49.12	53.38
1	255355	102060238	46.50	0.00	1	0.00	-99.00	37.39	77.95
1	255355	102060253	25.64	0.00	1	0.00	-99.00	27.13	50.73
1	255355	102060267	50.13	0.00	1	0.00	-99.00	42.93	90.51
1	255355	102060276	37.26	0.00	1	0.00	-99.00	55.60	86.79
1	255355	102060292	36.13	0.00	1	0.00	-99.00	56.64	89.91
1	255355	102060311	37.52	0.00	1	0.00	-99.00	72.62	95.47
1	255355	102060328	36.83	0.00	1	0.00	-99.00	66.81	99.21
1	255355	102060339	31.78	0.00	1	0.00	-99.00	37.72	68.26
1	255355	102060352	39.40	0.00	1	0.00	-99.00	38.59	77.98
1	255355	102060355	41.50	0.00	1	0.00	-99.00	36.11	69.25
1	255355	102060361	39.29	0.00	1	0.00	-99.00	38.27	73.75
1	255355	102060363	31.10	0.00	1	0.00	-99.00	58.40	84.63
1	255355	102060393	37.87	41.15	1	0.00	-99.00	46.13	67.84
1	255355	102060395	22.72	0.00	1	0.00	-99.00	28.83	49.76
1	255314	102043607	26.36	0.00	1	0.00	-99.00	11.10	32.05
1	255314	102043609	48.41	0.00	1	0.00	-99.00	29.34	74.71
1	255314	102043644	40.53	0.00	1	0.00	-99.00	63.80	101.69
1	255314	102043650	27.56	0.00	1	0.00	-99.00	40.00	66.34
1	255314	102043660	25.94	0.00	1	0.00	-99.00	40.51	64.29
1	255314	102043664	48.44	0.00	1	0.00	-99.00	22.07	64.39
1	255314	102043691	54.36	0.00	1	0.00	-99.00	30.57	57.02
1	255314	102043700	41.71	0.00	1	0.00	-99.00	61.70	100.42
1	255314	102043706	37.04	0.00	1	0.00	-99.00	24.88	60.30
1	255314	102043740	33.76	0.00	1	0.00	-99.00	63.30	88.96
1	255314	102043744	42.38	0.00	1	0.00	-99.00	56.20	96.18
1	255314	102043746	42.57	0.00	1	0.00	-99.00	39.34	76.57
1	255314	102043759	21.20	0.00	1	0.00	-99.00	69.61	75.73
1	255314	102043767	78.58	96.23	1	0.00	-99.00	39.76	84.25
1	255314	102043780	36.42	0.00	1	0.00	-99.00	65.39	97.52
1	255314	102043783	33.91	0.00	1	0.00	-99.00	68.46	89.05
1	255314	102043784	32.58	0.00	1	0.00	-99.00	73.53	96.30
1	255314	102043793	45.12	0.00	1	0.00	-99.00	28.52	68.18
1	255314	102043831	20.49	0.00	1	0.00	-99.00	9.90	26.54
1	255314	102043839	41.28	0.00	1	0.00	-99.00	59.96	41.54
1	255314	102043853	21.57	0.00	1	0.00	-99.00	61.10	71.46
1	255314	102043856	26.51	0.00	1	0.00	-99.00	32.26	57.65
1	255314	102043858	31.18	0.00	1	0.00	-99.00	15.75	43.98
1	255314	102043862	50.23	0.00	1	0.00	-99.00	65.28	114.48
1	255314	102043880	27.73	0.00	1	0.00	-99.00	41.51	67.86
1	255314	102043929	24.67	0.00	1	0.00	-99.00	12.95	34.35
1	255324	102047623	25.65	0.00	1	0.00	-99.00	60.65	76.79
1	255324	102047653	22.90	0.00	1	0.00	-99.00	46.39	65.19
1	255324	102047664	42.58	0.00	0	0.00	-99.00	32.73	72.83
1	255324	102047668	36.45	0.00	1	0.00	-99.00	65.78	96.50
1	255324	102047675	36.79	0.00	1	0.00	-99.00	26.20	62.10
1	255324	102047676	37.07	0.00	1	0.00	-99.00	59.98	93.95
1	255324	102047683	39.68	0.00	1	0.00	-99.00	26.49	64.29
1	255324	102047688	27.43	0.00	1	0.00	-99.00	28.36	52.10
1	255324	102047759	45.17	0.00	1	0.00	-99.00	28.58	70.56
1	255324	102047762	43.98	0.00	1	0.00	-99.00	36.48	79.42
1	255324	102047764	38.97	0.00	1	0.00	-99.00	58.23	93.26
1	255324	102047779	46.06	0.00	1	0.00	-99.00	52.41	78.57
1	255324	102047808	20.26	0.00	1	0.00	-99.00	42.36	52.24
1	255324	102047845	38.65	0.00	1	0.00	-99.00	56.41	85.55
1	255324	102047859	23.56	0.00	1	0.00	-99.00	16.81	13.95
1	255324	102047880	21.62	0.00	1	0.00	-99.00	21.07	38.58
1	255324	102047881	32.66	0.00	1	0.00	-99.00	42.46	71.89
1	255324	102047891	25.89	125.46	1	0.00	-99.00	98.51	76.73
1	255324	102047903	29.20	0.00	1	0.00	-99.00	28.49	57.20
1	255324	102047908	57.49	57.39	1	0.00	-99.00	32.50	82.63
1	255324	102047909	34.16	0.00	1	0.00	-99.00	47.06	77.45
1	255324	102047926	83.12	288.26	1	0.00	-99.00	58.29	29.92
1	255324	102047929	23.60	0.00	0	0.00	-99.00	16.31	35.18
1	255324	102047936	36.16	0.00	1	0.00	-99.00	43.99	79.53
1	255324	102047937	30.00	0.00	1	0.00	-99.00	39.80	65.94
1	255324	102047940	40.45	0.00	1	0.00	-99.00	43.61	74.19
1	255324	102047984	34.74	0.00	1	0.00	-99.00	52.15	83.12
1	255324	102047988	29.24	0.00	1	0.00	-99.00	62.93	84.68
1	255324	102047997	38.54	0.00	1	0.00	-99.00	51.95	79.38
1	255324	102048000	40.38	0.00	1	0.00	-99.00	91.58	120.84
1	255347	102056813	44.93	56.93	1	0.00	-99.00	61.78	48.90
1	255347	102056874	52.05	0.00	1	0.00	-99.00	4.85	30.81
1	255347	102056875	34.87	0.00	1	0.00	-99.00	45.81	73.88
1	255347	102056879	24.69	0.00	1	0.00	-99.00	32.44	55.11
1	255347	102056898	42.47	0.00	1	0.00	-99.00	44.80	86.98
1	255347	102056914	36.79	0.00	1	0.00	-99.00	42.57	78.97
1	255347	102056935	31.24	0.00	1	0.00	-99.00	22.65	44.68
1	255347	102057003	38.58	0.00	1	0.00	-99.00	51.14	88.39
1	255347	102057009	32.61	0.00	1	0.00	-99.00	35.79	66.67
1	255347	102057013	47.52	0.00	1	0.00	-99.00	35.55	80.14
1	255347	102057042	30.23	0.00	1	0.00	-99.00	32.23	60.79
1	255347	102057050	42.23	0.00	1	0.00	-99.00	13.51	45.50
1	255347	102057058	37.06	0.00	1	0.00	-99.00	51.06	86.81
1	255347	102057060	26.45	0.00	0	0.00	-99.00	44.13	67.37
1	255347	102057093	22.25	0.00	1	0.00	-99.00	33.26	54.15
1	255347	102057106	37.69	0.00	1	0.00	-99.00	68.19	100.45
1	255347	102057151	47.19	56.52	1	0.00	-99.00	55.07	100.43
1	255347	102057172	37.89	0.00	1	0.00	-99.00	35.74	70.06
1	255347	102057192	41.47	0.00	1	0.00	-99.00	25.43	64.95
1	255434	102091615	36.37	0.00	1	0.00	-99.00	54.06	85.32
1	255434	102091618	27.03	0.00	1	0.00	-99.00	51.15	73.89
1	255434	102091630	27.63	0.00	1	0.00	-99.00	46.97	70.86
1	255434	102091660	37.77	0.00	1	0.00	-99.00	14.12	46.02
1	255434	102091675	29.03	0.00	1	0.00	-99.00	36.50	61.63
1	255434	102091699	38.53	0.00	1	0.00	-99.00	30.51	65.98
1	255434	102091718	31.24	0.00	1	0.00	-99.00	82.81	101.57
1	255434	102091726	21.30	0.00	0	0.00	-99.00	9.35	25.52
1	255434	102091737	42.36	0.00	1	0.00	-99.00	21.55	58.50
1	255434	102091748	54.67	0.00	1	0.00	-99.00	47.14	95.45
1	255434	102091754	40.99	0.00	1	0.00	-99.00	49.40	89.93
1	255434	102091762	49.07	0.00	1	0.00	-99.00	10.47	38.24
1	255434	102091813	40.64	0.00	1	0.00	-99.00	52.86	88.22
1	255434	102091829	47.01	0.00	1	0.00	-99.00	36.37	82.68
1	255434	102091859	21.27	0.00	1	0.00	-99.00	35.49	52.43
1	255434	102091901	27.65	0.00	1	0.00	-99.00	6.86	13.69
1	255434	102091907	41.53	0.00	1	0.00	-99.00	43.83	84.02
1	255434	102091915	35.69	0.00	1	0.00	-99.00	47.14	82.02
1	255434	102091934	39.41	0.00	1	0.00	-99.00	54.67	92.07
1	255434	102091939	34.89	0.00	1	0.00	-99.00	31.66	66.37
1	255434	102091940	32.88	0.00	1	0.00	-99.00	26.02	57.52
1	255434	102091945	39.50	0.00	1	0.00	-99.00	47.52	86.65
1	255437	102092815	40.49	0.00	1	0.00	-99.00	13.34	39.51
1	255437	102092820	29.90	0.00	1	0.00	-99.00	38.40	67.52
1	255437	102092822	35.52	0.00	1	0.00	-99.00	30.04	65.31
1	255437	102092825	26.45	0.00	1	0.00	-99.00	28.70	48.68
1	255437	102092872	45.56	0.00	1	0.00	-99.00	57.22	97.38
1	255437	102092886	26.17	0.00	1	0.00	-99.00	45.60	57.64
1	255437	102092899	40.05	0.00	1	0.00	-99.00	64.05	100.47
1	255437	102092928	44.68	0.00	1	0.00	-99.00	32.93	67.50
1	255437	102092935	40.72	0.00	1	0.00	-99.00	43.30	82.61
1	255437	102092971	23.15	0.00	1	0.00	-99.00	39.78	59.15
1	255437	102092991	37.33	0.00	0	0.00	-99.00	31.01	67.69
1	255437	102092992	31.09	0.00	1	0.00	-99.00	90.00	104.97
1	255437	102093006	42.84	52.72	1	0.00	-99.00	38.23	56.39
1	255437	102093007	38.79	0.00	1	0.00	-99.00	48.65	86.57
1	255437	102093011	33.12	46.07	1	0.00	-99.00	35.52	67.00
1	255437	102093031	31.77	0.00	1	0.00	-99.00	29.03	51.64
1	255437	102093049	34.66	0.00	1	0.00	-99.00	54.78	82.98
1	255437	102093061	39.76	0.00	1	0.00	-99.00	30.60	69.74
1	255437	102093076	42.87	46.25	1	0.00	-99.00	31.93	65.62
1	255437	102093097	48.28	0.00	1	0.00	-99.00	25.67	70.40
1	255437	102093106	61.65	0.00	1	0.00	-99.00	43.88	90.13
1	255437	102093149	33.28	0.00	1	0.00	-99.00	41.29	72.31
1	255437	102093152	39.37	0.00	1	0.00	-99.00	37.05	76.36
1	255437	102093182	43.68	0.00	1	0.00	-99.00	36.56	79.78
1	255437	102093185	49.47	0.00	1	0.00	-99.00	18.57	60.51
1	255437	102093186	41.03	0.00	1	0.00	-99.00	17.05	51.45
1	255437	102093187	49.85	0.00	1	0.00	-99.00	62.27	110.25
1	255468	102105225	33.02	0.00	1	0.00	-99.00	16.20	40.58
1	255468	102105254	39.94	0.00	1	0.00	-99.00	69.52	104.36
1	255468	102105257	35.31	0.00	1	0.00	-99.00	12.40	39.92
1	255468	102105274	37.66	0.00	1	0.00	-99.00	55.85	91.65
1	255468	102105302	43.11	0.00	1	0.00	-99.00	48.56	90.49
1	255468	102105307	45.65	0.00	1	0.00	-99.00	62.95	103.41
1	255468	102105310	25.81	0.00	1	0.00	-99.00	46.34	62.97
1	255468	102105326	25.17	0.00	1	0.00	-99.00	7.18	23.95
1	255468	102105332	45.93	0.00	0	0.00	-99.00	21.99	62.89
1	255468	102105336	40.77	0.00	1	0.00	-99.00	28.55	68.19
1	255468	102105355	32.90	0.00	1	0.00	-99.00	1.90	13.00
1	255468	102105392	40.91	0.00	1	0.00	-99.00	49.78	89.85
1	255468	102105417	20.66	0.00	1	0.00	-99.00	26.68	46.24
1	255468	102105463	138.45	70.12	1	0.00	-99.00	17.93	93.80
1	255468	102105562	47.61	0.00	1	0.00	-99.00	41.38	87.40
1	255468	102105572	36.54	0.00	1	0.00	-99.00	14.76	45.11
1	255926	102288437	30.94	0.00	1	0.00	-99.00	57.19	83.25
1	255926	102288472	37.63	0.00	1	0.00	-99.00	60.47	93.59
1	255926	102288481	29.56	0.00	1	0.00	-99.00	48.85	64.98
1	255926	102288497	35.36	0.00	1	0.00	-99.00	40.86	75.89
1	255926	102288504	41.00	0.00	1	0.00	-99.00	55.41	95.10
1	255926	102288511	24.57	0.00	1	0.00	-99.00	37.79	60.94
1	255926	102288561	24.51	0.00	1	0.00	-99.00	56.34	73.91
1	255926	102288575	35.46	0.00	1	0.00	-99.00	38.31	73.62
1	255926	102288581	40.26	0.00	1	0.00	-99.00	1.98	13.28
1	255926	102288584	25.66	0.00	1	0.00	-99.00	18.31	43.08
1	255926	102288585	29.09	69.32	1	0.00	-99.00	83.44	0.67
1	255926	102288598	29.97	0.00	1	0.00	-99.00	73.71	86.39
1	255926	102288629	48.85	0.00	1	0.00	-99.00	58.75	106.41
1	255926	102288648	36.97	0.00	1	0.00	-99.00	28.51	64.92
1	255926	102288651	28.61	0.00	1	0.00	-99.00	35.56	50.37
1	255926	102288653	34.27	0.00	1	0.00	-99.00	23.41	56.25
1	255926	102288660	32.28	40.16	1	0.00	-99.00	64.63	86.92
1	255926	102288744	30.78	0.00	1	0.00	-99.00	38.42	68.41
1	255926	102288753	42.75	0.00	1	0.00	-99.00	50.33	89.74
1	255926	102288772	41.28	0.00	1	0.00	-99.00	52.54	88.83
1	256035	102332005	40.90	0.00	1	0.00	-99.00	50.95	91.26
1	256035	102332012	56.16	0.00	1	0.00	-99.00	78.08	132.25
1	256035	102332027	38.55	0.00	1	0.00	-99.00	50.47	84.16
1	256035	102332033	34.28	0.00	1	0.00	-99.00	51.66	84.07
1	256035	102332045	30.98	0.00	1	0.00	-99.00	57.52	83.99
1	256035	102332049	22.43	0.00	1	0.00	-99.00	35.46	45.04
1	256035	102332055	35.79	0.00	1	0.00	-99.00	36.44	68.40
1	256035	102332058	33.06	0.00	1	0.00	-99.00	59.36	88.57
1	256035	102332060	28.02	0.00	1	0.00	-99.00	46.45	70.94
1	256035	102332076	46.36	0.00	1	0.00	-99.00	27.74	69.64
1	256035	102332086	34.16	0.00	1	0.00	-99.00	50.37	82.89
1	256035	102332087	43.86	0.00	1	0.00	-99.00	64.53	106.38
1	256035	102332120	29.37	0.00	1	0.00	-99.00	53.81	79.36
1	256035	102332129	23.54	0.00	1	0.00	-99.00	100.06	96.48
1	256035	102332137	20.35	0.00	1	0.00	-99.00	24.23	43.84
1	256035	102332141	33.87	0.00	1	0.00	-99.00	55.98	82.74
1	256035	102332158	40.59	0.00	1	0.00	-99.00	38.94	75.38
1	256035	102332194	22.36	0.00	1	0.00	-99.00	37.83	55.71
1	256035	102332201	33.83	0.00	1	0.00	-99.00	71.25	90.86
1	256035	102332275	48.66	49.34	1	0.00	-99.00	48.58	79.35
1	256035	102332290	72.47	41.06	1	0.00	-99.00	53.74	62.85
1	256035	102332295	23.01	0.00	1	0.00	-99.00	43.94	63.28
1	256035	102332310	42.36	0.00	1	0.00	-99.00	75.81	113.18
1	256035	102332322	43.66	0.00	1	0.00	-99.00	34.30	71.66
1	256035	102332327	68.09	0.00	1	0.00	-99.00	77.51	144.90
1	256035	102332339	27.40	0.00	1	0.00	-99.00	23.92	51.19
1	256035	102332362	31.91	0.00	1	0.00	-99.00	48.60	77.84
1	289261	115611618	25.70	0.00	1	0.00	-99.00	18.76	36.19
1	289261	115611624	40.16	0.00	1	0.00	-99.00	53.99	90.43
1	289261	115611633	37.45	53.59	1	0.00	-99.00	80.27	81.95
1	289261	115611645	39.10	0.00	1	0.00	-99.00	25.18	61.60
1	289261	115611671	26.62	0.00	1	0.00	-99.00	43.57	65.46
1	289261	115611678	34.33	0.00	1	0.00	-99.00	42.65	76.44
1	289261	115611695	39.36	0.00	1	0.00	-99.00	33.74	72.05
1	289261	115611737	25.48	53.47	1	0.00	-99.00	78.26	73.73
1	289261	115611750	38.30	0.00	1	0.00	-99.00	18.68	53.49
1	289261	115611841	28.50	0.00	1	0.00	-99.00	86.07	98.89
1	289261	115611882	79.04	78.72	1	0.00	-99.00	11.04	54.50
1	289261	115611889	35.94	0.00	1	0.00	-99.00	9.70	37.25
1	289261	115611908	23.55	88.18	0	0.00	-99.00	30.22	53.10
1	289261	115611917	35.55	0.00	1	0.00	-99.00	40.03	59.73
1	289261	115611937	32.43	0.00	1	0.00	-99.00	58.42	74.15
1	289261	115611949	23.29	0.00	1	0.00	-99.00	24.73	47.22
1	289261	115611958	36.58	0.00	1	0.00	-99.00	34.37	70.68
1	289261	115611961	33.55	0.00	1	0.00	-99.00	38.69	71.11
1	289261	115611964	36.20	0.00	1	0.00	-99.00	63.58	95.76
1	289261	115611970	23.38	0.00	1	0.00	-99.00	12.06	33.28
1	289261	115611987	60.97	46.78	1	0.00	-99.00	18.34	50.74
1	289273	115616428	37.72	0.00	1	0.00	-99.00	12.20	36.22
1	289273	115616445	33.95	0.00	1	0.00	-99.00	42.00	71.02
1	289273	115616478	42.99	0.00	1	0.00	-99.00	43.32	86.26
1	289273	115616479	34.75	0.00	1	0.00	-99.00	53.92	64.75
1	289273	115616507	41.37	0.00	1	0.00	-99.00	63.56	101.74
1	289273	115616525	35.73	0.00	1	0.00	-99.00	60.64	82.33
1	289273	115616530	39.46	0.00	1	0.00	-99.00	38.83	69.06
1	289273	115616537	32.18	0.00	1	0.00	-99.00	42.82	74.23
1	289273	115616541	42.44	0.00	1	0.00	-99.00	33.95	75.83
1	289273	115616544	64.07	66.61	1	0.00	-99.00	43.47	67.31
1	289273	115616560	22.50	0.00	1	0.00	-99.00	10.55	29.50
1	289273	115616571	23.64	0.00	1	0.00	-99.00	21.84	45.41
1	289273	115616575	39.91	0.00	1	0.00	-99.00	45.65	82.24
1	289273	115616598	33.81	0.00	1	0.00	-99.00	102.58	117.27
1	289273	115616610	20.53	0.00	0	0.00	-99.00	12.97	32.61
1	289273	115616634	61.75	48.76	1	0.00	-99.00	17.64	15.55
1	289273	115616636	38.93	0.00	1	0.00	-99.00	46.25	69.75
1	289273	115616639	59.14	0.00	1	0.00	-99.00	24.20	71.57
1	289273	115616649	33.92	0.00	1	0.00	-99.00	47.76	80.16
1	289273	115616673	38.32	0.00	1	0.00	-99.00	44.39	78.84
1	289273	115616685	27.99	0.00	1	0.00	-99.00	20.81	40.30
1	289273	115616694	39.86	0.00	1	0.00	-99.00	56.22	93.00
1	289273	115616704	36.31	48.05	1	0.00	-99.00	44.23	75.34
1	289273	115616706	36.75	0.00	0	0.00	-99.00	72.88	100.67
1	289273	115616722	34.13	0.00	1	0.00	-99.00	35.45	69.09
1	289273	115616763	55.52	0.00	1	0.00	-99.00	37.94	91.79
1	289273	115616778	84.20	53.52	1	0.00	-99.00	16.99	17.64
1	289273	115616786	33.43	0.00	1	0.00	-99.00	45.83	77.86
1	289364	115652815	46.76	0.00	1	0.00	-99.00	29.02	69.83
1	289364	115652817	25.15	114.23	1	0.00	-99.00	118.72	5.02
1	289364	115652820	33.85	0.00	1	0.00	-99.00	12.90	39.88
1	289364	115652868	40.11	0.00	1	0.00	-99.00	30.41	46.33
1	289364	115652872	31.26	0.00	1	0.00	-99.00	56.62	84.05
1	289364	115652888	45.71	0.00	1	0.00	-99.00	31.23	70.81
1	289364	115652898	26.14	0.00	1	0.00	-99.00	38.23	54.16
1	289364	115652906	24.83	0.00	1	0.00	-99.00	40.93	63.75
1	289364	115652907	43.65	0.00	1	0.00	-99.00	55.16	98.04
1	289364	115652927	35.93	0.00	1	0.00	-99.00	40.83	76.52
1	289364	115652940	45.31	41.74	1	0.00	-99.00	59.06	83.65
1	289364	115652942	35.64	0.00	1	0.00	-99.00	49.81	72.32
1	289364	115652966	41.84	0.00	1	0.00	-99.00	45.37	83.93
1	289364	115652976	30.61	43.21	1	0.00	-99.00	51.20	78.86
1	289364	115652978	42.32	0.00	1	0.00	-99.00	19.39	57.20
1	289364	115652979	42.27	0.00	1	0.00	-99.00	35.96	77.95
1	289364	115653001	39.29	0.00	1	0.00	-99.00	55.65	93.00
1	289364	115653013	33.21	0.00	1	0.00	-99.00	40.30	72.83
1	289364	115653015	22.63	0.00	1	0.00	-99.00	32.99	54.31
1	289364	115653021	30.08	0.00	1	0.00	-99.00	16.98	45.15
1	289364	115653029	48.12	0.00	1	0.00	-99.00	41.38	87.89
1	289364	115653068	21.31	0.00	1	0.00	-99.00	29.35	49.93
1	289364	115653080	47.00	101.34	1	0.00	-99.00	51.68	73.37
1	289364	115653081	38.86	66.16	1	0.00	-99.00	56.06	86.00
1	289364	115653093	33.39	0.00	1	0.00	-99.00	37.25	56.65
1	289364	115653094	37.73	0.00	1	0.00	-99.00	37.76	74.12
1	289364	115653104	36.94	41.75	1	0.00	-99.00	41.69	77.89
1	289364	115653110	39.20	46.06	1	0.00	-99.00	54.22	84.19
1	289364	115653148	45.38	0.00	1	0.00	-99.00	25.87	59.73
1	289364	115653153	45.72	0.00	1	0.00	-99.00	50.25	95.70
1	289364	115653159	38.63	57.87	1	0.00	-99.00	18.34	43.73
1	289364	115653165	36.57	0.00	1	0.00	-99.00	48.36	83.86
1	289364	115653176	30.92	0.00	1	0.00	-99.00	38.97	50.12
1	289365	115653201	30.88	0.00	1	0.00	-99.00	48.99	68.15
1	289365	115653215	22.42	0.00	1	0.00	-99.00	23.32	45.03
1	289365	115653221	32.87	0.00	1	0.00	-99.00	62.85	90.85
1	289365	115653228	68.41	82.39	1	0.00	-99.00	20.92	30.62
1	289365	115653291	30.33	0.00	1	0.00	-99.00	54.12	79.42
1	289365	115653305	25.58	0.00	1	0.00	-99.00	31.50	51.81
1	289365	115653311	36.31	0.00	1	0.00	-99.00	52.21	86.26
1	289365	115653325	20.33	0.00	1	0.00	-99.00	37.50	54.83
1	289365	115653337	32.61	0.00	1	0.00	-99.00	39.34	62.36
1	289365	115653338	35.48	43.37	1	0.00	-99.00	41.06	76.33
1	289365	115653365	38.02	0.00	1	0.00	-99.00	19.92	53.16
1	289365	115653369	40.02	0.00	1	0.00	-99.00	40.97	80.56
1	289365	115653374	22.38	0.00	1	0.00	-99.00	25.08	46.91
1	289365	115653408	37.10	0.00	1	0.00	-99.00	102.67	112.06
1	289365	115653414	37.79	0.00	1	0.00	-99.00	37.15	71.11
1	289365	115653428	40.32	0.00	1	0.00	-99.00	12.27	26.74
1	289365	115653449	32.99	0.00	1	0.00	-99.00	55.94	85.43
1	289365	115653508	22.61	0.00	1	0.00	-99.00	32.36	47.28
1	289365	115653551	31.74	0.00	1	0.00	-99.00	44.66	75.17
1	289365	115653585	40.27	0.00	1	0.00	-99.00	40.20	79.52
1	366845	146620421	29.74	0.00	1	0.00	-99.00	11.30	34.41
1	366845	146620422	87.48	85.94	1	0.00	-99.00	14.79	67.53
1	366845	146620432	40.12	0.00	1	0.00	-99.00	14.86	47.39
1	366845	146620435	22.12	0.00	1	0.00	-99.00	21.05	29.22
1	366845	146620438	29.84	40.23	1	0.00	-99.00	44.69	44.07
1	366845	146620441	35.15	0.00	1	0.00	-99.00	36.88	70.86
1	366845	146620475	37.24	49.40	1	0.00	-99.00	32.24	47.83
1	366845	146620496	20.33	0.00	1	0.00	-99.00	30.67	49.78
1	366845	146620505	26.61	0.00	1	0.00	-99.00	40.70	64.24
1	366845	146620523	21.93	0.00	1	0.00	-99.00	56.49	70.12
1	366845	146620544	29.53	0.00	1	0.00	-99.00	59.64	73.47
1	366845	146620576	31.05	0.00	1	0.00	-99.00	45.75	75.04
1	366845	146620595	53.46	0.00	1	0.00	-99.00	13.99	52.15
1	366845	146620605	25.56	59.78	1	0.00	-99.00	24.23	25.33
1	366845	146620610	68.61	156.26	1	0.00	-99.00	85.37	40.07
1	366845	146620626	37.34	0.00	1	0.00	-99.00	71.63	100.29
1	366845	146620629	34.69	0.00	1	0.00	-99.00	77.85	90.56
1	366845	146620633	40.85	0.00	1	0.00	-99.00	91.36	122.15
1	366845	146620634	20.28	0.00	1	0.00	-99.00	32.82	50.95
1	366845	146620635	57.27	0.00	1	0.00	-99.00	29.37	67.57
1	366845	146620638	28.45	0.00	1	0.00	-99.00	41.30	68.43
1	366845	146620669	38.80	0.00	1	0.00	-99.00	60.59	91.44
1	366845	146620693	44.44	0.00	1	0.00	-99.00	53.60	96.33
1	366845	146620697	28.71	0.00	1	0.00	-99.00	53.58	78.43
1	366845	146620699	37.49	0.00	1	0.00	-99.00	42.07	79.34
1	366845	146620714	21.71	0.00	0	0.00	-99.00	11.32	23.50
1	366845	146620722	38.79	0.00	1	0.00	-99.00	70.97	102.78
1	366845	146620778	33.79	0.00	1	0.00	-99.00	38.43	69.94
1	366845	146620789	37.52	58.34	1	0.00	-99.00	24.88	57.32
1	366977	146673209	25.09	0.00	1	0.00	-99.00	46.73	68.47
1	366977	146673222	31.78	0.00	1	0.00	-99.00	32.81	63.45
1	366977	146673270	37.46	0.00	1	0.00	-99.00	57.74	92.80
1	366977	146673279	24.45	0.00	1	0.00	-99.00	7.07	16.75
1	366977	146673280	29.06	0.00	1	0.00	-99.00	64.84	84.05
1	366977	146673290	34.87	0.00	1	0.00	-99.00	36.59	42.34
1	366977	146673300	40.05	0.00	1	0.00	-99.00	46.70	85.34
1	366977	146673336	22.04	0.00	1	0.00	-99.00	59.32	72.19
1	366977	146673341	33.28	0.00	1	0.00	-99.00	34.72	67.68
1	366977	146673368	38.22	0.00	1	0.00	-99.00	50.60	86.27
1	366977	146673409	21.46	0.00	1	0.00	-99.00	69.13	75.01
1	366977	146673470	30.92	0.00	1	0.00	-99.00	40.51	16.68
1	366977	146673472	23.75	0.00	0	0.00	-99.00	54.83	70.08
1	366977	146673488	28.05	0.00	1	0.00	-99.00	45.83	70.95
1	366977	146673513	68.76	0.00	1	0.00	-99.00	13.24	59.62
1	366977	146673524	40.09	0.00	1	0.00	-99.00	25.46	60.55
1	366977	146673534	41.70	0.00	1	0.00	-99.00	43.34	83.70
1	366977	146673547	111.57	59.73	1	0.00	-99.00	38.88	129.94
1	366977	146673571	49.34	0.00	1	0.00	-99.00	50.45	98.01
1	366977	146673581	33.53	0.00	1	0.00	-99.00	43.66	74.00
1	366977	146673596	47.52	40.74	1	0.00	-99.00	52.92	91.60
1	367000	146682431	65.65	90.92	1	0.00	-99.00	39.85	55.26
1	367000	146682435	37.00	0.00	1	0.00	-99.00	35.96	72.73
1	367000	146682445	35.60	0.00	1	0.00	-99.00	52.91	86.05
1	367000	146682446	26.15	0.00	1	0.00	-99.00	35.57	60.09
1	367000	146682448	33.39	0.00	1	0.00	-99.00	62.58	90.94
1	367000	146682458	34.58	0.00	1	0.00	-99.00	25.58	59.15
1	367000	146682466	24.02	0.00	1	0.00	-99.00	17.87	41.38
1	367000	146682483	42.94	0.00	1	0.00	-99.00	49.07	90.81
1	367000	146682561	28.41	0.00	1	0.00	-99.00	30.09	58.36
1	367000	146682565	44.04	0.00	1	0.00	-99.00	25.93	65.58
1	367000	146682580	35.05	0.00	1	0.00	-99.00	50.62	79.34
1	367000	146682632	21.70	0.00	1	0.00	-99.00	15.05	10.58
1	367000	146682659	27.51	74.44	1	0.00	-99.00	40.87	53.25
1	367000	146682663	43.50	0.00	1	0.00	-99.00	18.64	53.33
1	367000	146682694	26.91	46.20	1	0.00	-99.00	81.78	74.99
1	367000	146682696	20.41	0.00	1	0.00	-99.00	34.86	51.16
1	367000	146682708	51.28	0.00	1	0.00	-99.00	29.76	77.98
1	367000	146682754	26.40	0.00	1	0.00	-99.00	37.89	63.18
1	367000	146682791	31.83	0.00	1	0.00	-99.00	45.27	71.21
