mu_qcd0: 0, 0, 0, 0, 0, 0
mu_qcd0: 9013211, 2367514, 647149, 0, 3545, 0
mu_qcd0: 0, 0, 0, 0, 0, 0
mu_qcd0: 704167, 111969, 84732, 0, 799, 0
el_qcd00: 0, 0, 0, 0, 0, 0
el_qcd00: 2974, 3705, 93168, 0, 12850, 0
el_qcd00: 0, 0, 0, 0, 0, 0
el_qcd00: 1062, 1066, 35525, 0, 5583, 0
el_qcd01: 0, 0, 0, 0, 0, 0
el_qcd01: 2974, 3705, 93168, 0, 12850, 0
el_qcd01: 0, 0, 0, 0, 0, 0
el_qcd01: 1062, 0, 0, 0, 0, 0
el_qcd02: 0, 0, 0, 0, 0, 0
el_qcd02: 2974, 3705, 93168, 0, 12850, 0
el_qcd02: 0, 0, 0, 0, 0, 0
el_qcd02: 0, 1066, 0, 0, 0, 0
el_qcd03: 0, 0, 0, 0, 0, 0
el_qcd03: 2974, 3705, 93168, 0, 12850, 0
el_qcd03: 0, 0, 0, 0, 0, 0
el_qcd03: 0, 0, 35525, 0, 0, 0
el_qcd10: 0, 0, 0, 0, 0, 0
el_qcd10: 2236, 2166, 50400, 0, 5605, 0
el_qcd10: 0, 0, 0, 0, 0, 0
el_qcd10: 690, 467, 13883, 0, 2133, 0
el_qcd11: 0, 0, 0, 0, 0, 0
el_qcd11: 2236, 2166, 50400, 0, 5605, 0
el_qcd11: 0, 0, 0, 0, 0, 0
el_qcd11: 690, 0, 0, 0, 0, 0
el_qcd12: 0, 0, 0, 0, 0, 0
el_qcd12: 2236, 2166, 50400, 0, 5605, 0
el_qcd12: 0, 0, 0, 0, 0, 0
el_qcd12: 0, 467, 0, 0, 0, 0
el_qcd13: 0, 0, 0, 0, 0, 0
el_qcd13: 2236, 2166, 50400, 0, 5605, 0
el_qcd13: 0, 0, 0, 0, 0, 0
el_qcd13: 0, 0, 13883, 0, 0, 0
el_qcd20: 0, 0, 0, 0, 0, 0
el_qcd20: 1975, 1785, 47763, 0, 4171, 0
el_qcd20: 0, 0, 0, 0, 0, 0
el_qcd20: 583, 348, 12831, 0, 1912, 0
el_qcd21: 0, 0, 0, 0, 0, 0
el_qcd21: 1975, 1785, 47763, 0, 4171, 0
el_qcd21: 0, 0, 0, 0, 0, 0
el_qcd21: 583, 0, 0, 0, 0, 0
el_qcd22: 0, 0, 0, 0, 0, 0
el_qcd22: 1975, 1785, 47763, 0, 4171, 0
el_qcd22: 0, 0, 0, 0, 0, 0
el_qcd22: 0, 348, 0, 0, 0, 0
el_qcd23: 0, 0, 0, 0, 0, 0
el_qcd23: 1975, 1785, 47763, 0, 4171, 0
el_qcd23: 0, 0, 0, 0, 0, 0
el_qcd23: 0, 0, 12831, 0, 0, 0
el_qcd30: 0, 0, 0, 0, 0, 0
el_qcd30: 1830, 1762, 68437, 0, 6490, 0
el_qcd30: 0, 0, 0, 0, 0, 0
el_qcd30: 520, 420, 24116, 0, 3707, 0
el_qcd31: 0, 0, 0, 0, 0, 0
el_qcd31: 1830, 1762, 68437, 0, 6490, 0
el_qcd31: 0, 0, 0, 0, 0, 0
el_qcd31: 520, 0, 0, 0, 0, 0
el_qcd32: 0, 0, 0, 0, 0, 0
el_qcd32: 1830, 1762, 68437, 0, 6490, 0
el_qcd32: 0, 0, 0, 0, 0, 0
el_qcd32: 0, 420, 0, 0, 0, 0
el_qcd33: 0, 0, 0, 0, 0, 0
el_qcd33: 1830, 1762, 68437, 0, 6490, 0
el_qcd33: 0, 0, 0, 0, 0, 0
el_qcd33: 0, 0, 24116, 0, 0, 0
el_qcd40: 0, 0, 0, 0, 0, 0
el_qcd40: 1193, 1157, 51646, 0, 6095, 0
el_qcd40: 0, 0, 0, 0, 0, 0
el_qcd40: 365, 334, 21807, 0, 3909, 0
el_qcd41: 0, 0, 0, 0, 0, 0
el_qcd41: 1193, 1157, 51646, 0, 6095, 0
el_qcd41: 0, 0, 0, 0, 0, 0
el_qcd41: 365, 0, 0, 0, 0, 0
el_qcd42: 0, 0, 0, 0, 0, 0
el_qcd42: 1193, 1157, 51646, 0, 6095, 0
el_qcd42: 0, 0, 0, 0, 0, 0
el_qcd42: 0, 334, 0, 0, 0, 0
el_qcd43: 0, 0, 0, 0, 0, 0
el_qcd43: 1193, 1157, 51646, 0, 6095, 0
el_qcd43: 0, 0, 0, 0, 0, 0
el_qcd43: 0, 0, 21807, 0, 0, 0
el_qcd50: 0, 0, 0, 0, 0, 0
el_qcd50: 434, 437, 20021, 0, 3605, 0
el_qcd50: 0, 0, 0, 0, 0, 0
el_qcd50: 139, 132, 10003, 0, 2543, 0
el_qcd51: 0, 0, 0, 0, 0, 0
el_qcd51: 434, 437, 20021, 0, 3605, 0
el_qcd51: 0, 0, 0, 0, 0, 0
el_qcd51: 139, 0, 0, 0, 0, 0
el_qcd52: 0, 0, 0, 0, 0, 0
el_qcd52: 434, 437, 20021, 0, 3605, 0
el_qcd52: 0, 0, 0, 0, 0, 0
el_qcd52: 0, 132, 0, 0, 0, 0
el_qcd53: 0, 0, 0, 0, 0, 0
el_qcd53: 434, 437, 20021, 0, 3605, 0
el_qcd53: 0, 0, 0, 0, 0, 0
el_qcd53: 0, 0, 10003, 0, 0, 0
el_qcd60: 0, 0, 0, 0, 0, 0
el_qcd60: 303618, 56057, 456, 0, 309, 0
el_qcd60: 0, 0, 0, 0, 0, 0
el_qcd60: 87516, 10089, 104, 0, 119, 0
el_qcd61: 0, 0, 0, 0, 0, 0
el_qcd61: 303618, 56057, 456, 0, 309, 0
el_qcd61: 0, 0, 0, 0, 0, 0
el_qcd61: 87516, 0, 0, 0, 0, 0
el_qcd62: 0, 0, 0, 0, 0, 0
el_qcd62: 303618, 56057, 456, 0, 309, 0
el_qcd62: 0, 0, 0, 0, 0, 0
el_qcd62: 0, 10089, 0, 0, 0, 0
el_qcd63: 0, 0, 0, 0, 0, 0
el_qcd63: 303618, 56057, 456, 0, 309, 0
el_qcd63: 0, 0, 0, 0, 0, 0
el_qcd63: 0, 0, 104, 0, 0, 0
el_qcd70: 0, 0, 0, 0, 0, 0
el_qcd70: 219213, 40843, 692, 0, 282, 0
el_qcd70: 0, 0, 0, 0, 0, 0
el_qcd70: 38477, 5567, 135, 0, 98, 0
el_qcd71: 0, 0, 0, 0, 0, 0
el_qcd71: 219213, 40843, 692, 0, 282, 0
el_qcd71: 0, 0, 0, 0, 0, 0
el_qcd71: 38477, 0, 0, 0, 0, 0
el_qcd72: 0, 0, 0, 0, 0, 0
el_qcd72: 219213, 40843, 692, 0, 282, 0
el_qcd72: 0, 0, 0, 0, 0, 0
el_qcd72: 0, 5567, 0, 0, 0, 0
el_qcd73: 0, 0, 0, 0, 0, 0
el_qcd73: 219213, 40843, 692, 0, 282, 0
el_qcd73: 0, 0, 0, 0, 0, 0
el_qcd73: 0, 0, 135, 0, 0, 0
el_qcd80: 0, 0, 0, 0, 0, 0
el_qcd80: 71281, 13743, 1260, 0, 181, 0
el_qcd80: 0, 0, 0, 0, 0, 0
el_qcd80: 8013, 1605, 257, 0, 59, 0
el_qcd81: 0, 0, 0, 0, 0, 0
el_qcd81: 71281, 13743, 1260, 0, 181, 0
el_qcd81: 0, 0, 0, 0, 0, 0
el_qcd81: 8013, 0, 0, 0, 0, 0
el_qcd82: 0, 0, 0, 0, 0, 0
el_qcd82: 71281, 13743, 1260, 0, 181, 0
el_qcd82: 0, 0, 0, 0, 0, 0
el_qcd82: 0, 1605, 0, 0, 0, 0
el_qcd83: 0, 0, 0, 0, 0, 0
el_qcd83: 71281, 13743, 1260, 0, 181, 0
el_qcd83: 0, 0, 0, 0, 0, 0
el_qcd83: 0, 0, 257, 0, 0, 0
mu_ttbar0: 0, 0, 0, 0, 0, 5658497
mu_ttbar0: 1147815, 142746, 17528, 19, 2071, 650
mu_ttbar0: 0, 0, 0, 0, 0, 4769542
mu_ttbar0: 41933, 4394, 1642, 3, 502, 254
el_ttbar0: 0, 0, 0, 0, 0, 4388769
el_ttbar0: 227884, 20275, 46622, 87, 2609, 12784
el_ttbar0: 0, 0, 0, 0, 0, 4091005
el_ttbar0: 24993, 2390, 13431, 26, 1088, 9640
el_ttbar1: 0, 0, 0, 0, 0, 4388769
el_ttbar1: 227884, 20275, 46622, 87, 2609, 12784
el_ttbar1: 0, 0, 0, 0, 0, 4091005
el_ttbar1: 24993, 0, 0, 0, 0, 0
mu_ttbar1: 0, 0, 0, 0, 0, 5658497
mu_ttbar1: 1147815, 142746, 17528, 19, 2071, 650
mu_ttbar1: 0, 0, 0, 0, 0, 4769542
mu_ttbar1: 41933, 0, 0, 0, 0, 0
mu_ttbar2: 0, 0, 0, 0, 0, 5658497
mu_ttbar2: 1147815, 142746, 17528, 19, 2071, 650
mu_ttbar2: 0, 0, 0, 0, 0, 4769542
mu_ttbar2: 0, 4394, 0, 0, 0, 0
el_ttbar2: 0, 0, 0, 0, 0, 4388769
el_ttbar2: 227884, 20275, 46622, 87, 2609, 12784
el_ttbar2: 0, 0, 0, 0, 0, 4091005
el_ttbar2: 0, 2390, 0, 0, 0, 0
mu_ttbar3: 0, 0, 0, 0, 0, 5658497
mu_ttbar3: 1147815, 142746, 17528, 19, 2071, 650
mu_ttbar3: 0, 0, 0, 0, 0, 4769542
mu_ttbar3: 0, 0, 1642, 0, 0, 0
el_ttbar3: 0, 0, 0, 0, 0, 4388769
el_ttbar3: 227884, 20275, 46622, 87, 2609, 12784
el_ttbar3: 0, 0, 0, 0, 0, 4091005
el_ttbar3: 0, 0, 13431, 0, 0, 0
mu_ttbar4: 0, 0, 0, 0, 0, 5658497
mu_ttbar4: 1147815, 142746, 17528, 19, 2071, 650
mu_ttbar4: 0, 0, 0, 0, 0, 4769542
mu_ttbar4: 0, 0, 0, 3, 0, 0
el_ttbar4: 0, 0, 0, 0, 0, 4388769
el_ttbar4: 227884, 20275, 46622, 87, 2609, 12784
el_ttbar4: 0, 0, 0, 0, 0, 4091005
el_ttbar4: 0, 0, 0, 26, 0, 0
mu_ttbar5: 0, 0, 0, 0, 0, 5658497
mu_ttbar5: 1147815, 142746, 17528, 19, 2071, 650
mu_ttbar5: 0, 0, 0, 0, 0, 4769542
mu_ttbar5: 0, 0, 0, 0, 502, 0
el_ttbar5: 0, 0, 0, 0, 0, 4388769
el_ttbar5: 227884, 20275, 46622, 87, 2609, 12784
el_ttbar5: 0, 0, 0, 0, 0, 4091005
el_ttbar5: 0, 0, 0, 0, 1088, 0
mu_ttbar6: 0, 0, 0, 0, 0, 5658497
mu_ttbar6: 1147815, 142746, 17528, 19, 2071, 650
mu_ttbar6: 0, 0, 0, 0, 0, 4769542
mu_ttbar6: 0, 0, 0, 0, 0, 254
el_ttbar6: 0, 0, 0, 0, 0, 4388769
el_ttbar6: 227884, 20275, 46622, 87, 2609, 12784
el_ttbar6: 0, 0, 0, 0, 0, 4091005
el_ttbar6: 0, 0, 0, 0, 0, 9640
mu_qcd0: 0, 0, 0, 0, 0, 0
mu_qcd0: 9013211, 2367514, 647149, 0, 3545, 0
mu_qcd0: 0, 0, 0, 0, 0, 0
mu_qcd0: 704167, 111969, 84732, 0, 799, 0
mu_qcd1: 0, 0, 0, 0, 0, 0
mu_qcd1: 9013211, 2367514, 647149, 0, 3545, 0
mu_qcd1: 0, 0, 0, 0, 0, 0
mu_qcd1: 704167, 0, 0, 0, 0, 0
mu_qcd2: 0, 0, 0, 0, 0, 0
mu_qcd2: 9013211, 2367514, 647149, 0, 3545, 0
mu_qcd2: 0, 0, 0, 0, 0, 0
mu_qcd2: 0, 111969, 0, 0, 0, 0
mu_qcd3: 0, 0, 0, 0, 0, 0
mu_qcd3: 9013211, 2367514, 647149, 0, 3545, 0
mu_qcd3: 0, 0, 0, 0, 0, 0
mu_qcd3: 0, 0, 84732, 0, 0, 0
el_ttbar0: 0, 0, 0, 0, 0, 4388769
el_ttbar0: 227884, 20275, 46622, 87, 2609, 12784
el_ttbar0: 0, 0, 0, 0, 0, 4091005
el_ttbar0: 24993, 2390, 13431, 26, 1088, 9640
el_ttbar1: 0, 0, 0, 0, 0, 4388769
el_ttbar1: 227884, 20275, 46622, 87, 2609, 12784
el_ttbar1: 0, 0, 0, 0, 0, 4091005
el_ttbar1: 24993, 0, 0, 0, 0, 0
el_ttbar2: 0, 0, 0, 0, 0, 4388769
el_ttbar2: 227884, 20275, 46622, 87, 2609, 12784
el_ttbar2: 0, 0, 0, 0, 0, 4091005
el_ttbar2: 0, 2390, 0, 0, 0, 0
el_ttbar3: 0, 0, 0, 0, 0, 4388769
el_ttbar3: 227884, 20275, 46622, 87, 2609, 12784
el_ttbar3: 0, 0, 0, 0, 0, 4091005
el_ttbar3: 0, 0, 13431, 0, 0, 0
el_ttbar0: 0, 0, 0, 0, 0, 3953003
el_ttbar0: 92114, 8205, 27973, 48, 1116, 8128
el_ttbar0: 0, 0, 0, 0, 0, 3782606
el_ttbar0: 11670, 1206, 10260, 22, 606, 6580
el_ttbar4: 0, 0, 0, 0, 0, 4388769
el_ttbar4: 227884, 20275, 46622, 87, 2609, 12784
el_ttbar4: 0, 0, 0, 0, 0, 4091005
el_ttbar4: 0, 0, 0, 26, 0, 0
el_ttbar1: 0, 0, 0, 0, 0, 3953003
el_ttbar1: 92114, 8205, 27973, 48, 1116, 8128
el_ttbar1: 0, 0, 0, 0, 0, 3782606
el_ttbar1: 11670, 0, 0, 0, 0, 0
el_ttbar5: 0, 0, 0, 0, 0, 4388769
el_ttbar5: 227884, 20275, 46622, 87, 2609, 12784
el_ttbar5: 0, 0, 0, 0, 0, 4091005
el_ttbar5: 0, 0, 0, 0, 1088, 0
el_ttbar2: 0, 0, 0, 0, 0, 3953003
el_ttbar2: 92114, 8205, 27973, 48, 1116, 8128
el_ttbar2: 0, 0, 0, 0, 0, 3782606
el_ttbar2: 0, 1206, 0, 0, 0, 0
el_ttbar6: 0, 0, 0, 0, 0, 4388769
el_ttbar6: 227884, 20275, 46622, 87, 2609, 12784
el_ttbar6: 0, 0, 0, 0, 0, 4091005
el_ttbar6: 0, 0, 0, 0, 0, 9640
el_qcd00: 0, 0, 0, 0, 0, 0
el_qcd00: 2974, 3705, 93168, 0, 12850, 0
el_qcd00: 0, 0, 0, 0, 0, 0
el_qcd00: 1062, 1066, 35525, 0, 5583, 0
el_qcd01: 0, 0, 0, 0, 0, 0
el_qcd01: 2974, 3705, 93168, 0, 12850, 0
el_qcd01: 0, 0, 0, 0, 0, 0
el_qcd01: 1062, 0, 0, 0, 0, 0
el_qcd02: 0, 0, 0, 0, 0, 0
el_qcd02: 2974, 3705, 93168, 0, 12850, 0
el_qcd02: 0, 0, 0, 0, 0, 0
el_qcd02: 0, 1066, 0, 0, 0, 0
el_qcd03: 0, 0, 0, 0, 0, 0
el_qcd03: 2974, 3705, 93168, 0, 12850, 0
el_qcd03: 0, 0, 0, 0, 0, 0
el_qcd03: 0, 0, 35525, 0, 0, 0
el_qcd10: 0, 0, 0, 0, 0, 0
el_qcd10: 2236, 2166, 50400, 0, 5605, 0
el_qcd10: 0, 0, 0, 0, 0, 0
el_qcd10: 690, 467, 13883, 0, 2133, 0
el_qcd11: 0, 0, 0, 0, 0, 0
el_qcd11: 2236, 2166, 50400, 0, 5605, 0
el_qcd11: 0, 0, 0, 0, 0, 0
el_qcd11: 690, 0, 0, 0, 0, 0
el_ttbar3: 0, 0, 0, 0, 0, 3953003
el_ttbar3: 92114, 8205, 27973, 48, 1116, 8128
el_ttbar3: 0, 0, 0, 0, 0, 3782606
el_ttbar3: 0, 0, 10260, 0, 0, 0
el_qcd12: 0, 0, 0, 0, 0, 0
el_qcd12: 2236, 2166, 50400, 0, 5605, 0
el_qcd12: 0, 0, 0, 0, 0, 0
el_qcd12: 0, 467, 0, 0, 0, 0
el_qcd13: 0, 0, 0, 0, 0, 0
el_qcd13: 2236, 2166, 50400, 0, 5605, 0
el_qcd13: 0, 0, 0, 0, 0, 0
el_qcd13: 0, 0, 13883, 0, 0, 0
el_qcd20: 0, 0, 0, 0, 0, 0
el_qcd20: 1975, 1785, 47763, 0, 4171, 0
el_qcd20: 0, 0, 0, 0, 0, 0
el_qcd20: 583, 348, 12831, 0, 1912, 0
el_qcd21: 0, 0, 0, 0, 0, 0
el_qcd21: 1975, 1785, 47763, 0, 4171, 0
el_qcd21: 0, 0, 0, 0, 0, 0
el_qcd21: 583, 0, 0, 0, 0, 0
el_qcd22: 0, 0, 0, 0, 0, 0
el_qcd22: 1975, 1785, 47763, 0, 4171, 0
el_qcd22: 0, 0, 0, 0, 0, 0
el_qcd22: 0, 348, 0, 0, 0, 0
el_qcd23: 0, 0, 0, 0, 0, 0
el_qcd23: 1975, 1785, 47763, 0, 4171, 0
el_qcd23: 0, 0, 0, 0, 0, 0
el_qcd23: 0, 0, 12831, 0, 0, 0
el_qcd30: 0, 0, 0, 0, 0, 0
el_qcd30: 1830, 1762, 68437, 0, 6490, 0
el_qcd30: 0, 0, 0, 0, 0, 0
el_qcd30: 520, 420, 24116, 0, 3707, 0
el_qcd31: 0, 0, 0, 0, 0, 0
el_qcd31: 1830, 1762, 68437, 0, 6490, 0
el_qcd31: 0, 0, 0, 0, 0, 0
el_qcd31: 520, 0, 0, 0, 0, 0
el_qcd32: 0, 0, 0, 0, 0, 0
el_qcd32: 1830, 1762, 68437, 0, 6490, 0
el_qcd32: 0, 0, 0, 0, 0, 0
el_qcd32: 0, 420, 0, 0, 0, 0
el_qcd33: 0, 0, 0, 0, 0, 0
el_qcd33: 1830, 1762, 68437, 0, 6490, 0
el_qcd33: 0, 0, 0, 0, 0, 0
el_qcd33: 0, 0, 24116, 0, 0, 0
el_qcd40: 0, 0, 0, 0, 0, 0
el_qcd40: 1193, 1157, 51646, 0, 6095, 0
el_qcd40: 0, 0, 0, 0, 0, 0
el_qcd40: 365, 334, 21807, 0, 3909, 0
el_qcd41: 0, 0, 0, 0, 0, 0
el_qcd41: 1193, 1157, 51646, 0, 6095, 0
el_qcd41: 0, 0, 0, 0, 0, 0
el_qcd41: 365, 0, 0, 0, 0, 0
el_qcd42: 0, 0, 0, 0, 0, 0
el_qcd42: 1193, 1157, 51646, 0, 6095, 0
el_qcd42: 0, 0, 0, 0, 0, 0
el_qcd42: 0, 334, 0, 0, 0, 0
el_qcd43: 0, 0, 0, 0, 0, 0
el_qcd43: 1193, 1157, 51646, 0, 6095, 0
el_qcd43: 0, 0, 0, 0, 0, 0
el_qcd43: 0, 0, 21807, 0, 0, 0
el_qcd50: 0, 0, 0, 0, 0, 0
el_qcd50: 434, 437, 20021, 0, 3605, 0
el_qcd50: 0, 0, 0, 0, 0, 0
el_qcd50: 139, 132, 10003, 0, 2543, 0
el_qcd51: 0, 0, 0, 0, 0, 0
el_qcd51: 434, 437, 20021, 0, 3605, 0
el_qcd51: 0, 0, 0, 0, 0, 0
el_qcd51: 139, 0, 0, 0, 0, 0
el_qcd52: 0, 0, 0, 0, 0, 0
el_qcd52: 434, 437, 20021, 0, 3605, 0
el_qcd52: 0, 0, 0, 0, 0, 0
el_qcd52: 0, 132, 0, 0, 0, 0
el_qcd53: 0, 0, 0, 0, 0, 0
el_qcd53: 434, 437, 20021, 0, 3605, 0
el_qcd53: 0, 0, 0, 0, 0, 0
el_qcd53: 0, 0, 10003, 0, 0, 0
el_qcd60: 0, 0, 0, 0, 0, 0
el_qcd60: 303618, 56057, 456, 0, 309, 0
el_qcd60: 0, 0, 0, 0, 0, 0
el_qcd60: 87516, 10089, 104, 0, 119, 0
el_qcd61: 0, 0, 0, 0, 0, 0
el_qcd61: 303618, 56057, 456, 0, 309, 0
el_qcd61: 0, 0, 0, 0, 0, 0
el_qcd61: 87516, 0, 0, 0, 0, 0
el_qcd62: 0, 0, 0, 0, 0, 0
el_qcd62: 303618, 56057, 456, 0, 309, 0
el_qcd62: 0, 0, 0, 0, 0, 0
el_qcd62: 0, 10089, 0, 0, 0, 0
el_qcd63: 0, 0, 0, 0, 0, 0
el_qcd63: 303618, 56057, 456, 0, 309, 0
el_qcd63: 0, 0, 0, 0, 0, 0
el_qcd63: 0, 0, 104, 0, 0, 0
el_qcd70: 0, 0, 0, 0, 0, 0
el_qcd70: 219213, 40843, 692, 0, 282, 0
el_qcd70: 0, 0, 0, 0, 0, 0
el_qcd70: 38477, 5567, 135, 0, 98, 0
el_qcd71: 0, 0, 0, 0, 0, 0
el_qcd71: 219213, 40843, 692, 0, 282, 0
el_qcd71: 0, 0, 0, 0, 0, 0
el_qcd71: 38477, 0, 0, 0, 0, 0
el_qcd72: 0, 0, 0, 0, 0, 0
el_qcd72: 219213, 40843, 692, 0, 282, 0
el_qcd72: 0, 0, 0, 0, 0, 0
el_qcd72: 0, 5567, 0, 0, 0, 0
el_qcd73: 0, 0, 0, 0, 0, 0
el_qcd73: 219213, 40843, 692, 0, 282, 0
el_qcd73: 0, 0, 0, 0, 0, 0
el_qcd73: 0, 0, 135, 0, 0, 0
el_qcd80: 0, 0, 0, 0, 0, 0
el_qcd80: 71281, 13743, 1260, 0, 181, 0
el_qcd80: 0, 0, 0, 0, 0, 0
el_qcd80: 8013, 1605, 257, 0, 59, 0
el_qcd81: 0, 0, 0, 0, 0, 0
el_qcd81: 71281, 13743, 1260, 0, 181, 0
el_qcd81: 0, 0, 0, 0, 0, 0
el_qcd81: 8013, 0, 0, 0, 0, 0
el_qcd82: 0, 0, 0, 0, 0, 0
el_qcd82: 71281, 13743, 1260, 0, 181, 0
el_qcd82: 0, 0, 0, 0, 0, 0
el_qcd82: 0, 1605, 0, 0, 0, 0
el_qcd83: 0, 0, 0, 0, 0, 0
el_qcd83: 71281, 13743, 1260, 0, 181, 0
el_qcd83: 0, 0, 0, 0, 0, 0
el_qcd83: 0, 0, 257, 0, 0, 0
el_ttbar4: 0, 0, 0, 0, 0, 3953003
el_ttbar4: 92114, 8205, 27973, 48, 1116, 8128
el_ttbar4: 0, 0, 0, 0, 0, 3782606
el_ttbar4: 0, 0, 0, 22, 0, 0
el_ttbar5: 0, 0, 0, 0, 0, 3953003
el_ttbar5: 92114, 8205, 27973, 48, 1116, 8128
el_ttbar5: 0, 0, 0, 0, 0, 3782606
el_ttbar5: 0, 0, 0, 0, 606, 0
el_ttbar6: 0, 0, 0, 0, 0, 3953003
el_ttbar6: 92114, 8205, 27973, 48, 1116, 8128
el_ttbar6: 0, 0, 0, 0, 0, 3782606
el_ttbar6: 0, 0, 0, 0, 0, 6580
el_qcd00: 0, 0, 0, 0, 0, 0
el_qcd00: 203, 810, 29076, 0, 3195, 0
el_qcd00: 0, 0, 0, 0, 0, 0
el_qcd00: 105, 331, 15109, 0, 1867, 0
el_qcd01: 0, 0, 0, 0, 0, 0
el_qcd01: 203, 810, 29076, 0, 3195, 0
el_qcd01: 0, 0, 0, 0, 0, 0
el_qcd01: 105, 0, 0, 0, 0, 0
el_qcd02: 0, 0, 0, 0, 0, 0
el_qcd02: 203, 810, 29076, 0, 3195, 0
el_qcd02: 0, 0, 0, 0, 0, 0
el_qcd02: 0, 331, 0, 0, 0, 0
el_qcd03: 0, 0, 0, 0, 0, 0
el_qcd03: 203, 810, 29076, 0, 3195, 0
el_qcd03: 0, 0, 0, 0, 0, 0
el_qcd03: 0, 0, 15109, 0, 0, 0
el_qcd10: 0, 0, 0, 0, 0, 0
el_qcd10: 253, 758, 26512, 0, 2163, 0
el_qcd10: 0, 0, 0, 0, 0, 0
el_qcd10: 82, 208, 9836, 0, 1129, 0
el_qcd11: 0, 0, 0, 0, 0, 0
el_qcd11: 253, 758, 26512, 0, 2163, 0
el_qcd11: 0, 0, 0, 0, 0, 0
el_qcd11: 82, 0, 0, 0, 0, 0
el_qcd12: 0, 0, 0, 0, 0, 0
el_qcd12: 253, 758, 26512, 0, 2163, 0
el_qcd12: 0, 0, 0, 0, 0, 0
el_qcd12: 0, 208, 0, 0, 0, 0
el_qcd13: 0, 0, 0, 0, 0, 0
el_qcd13: 253, 758, 26512, 0, 2163, 0
el_qcd13: 0, 0, 0, 0, 0, 0
el_qcd13: 0, 0, 9836, 0, 0, 0
el_qcd20: 0, 0, 0, 0, 0, 0
el_qcd20: 214, 903, 36366, 0, 2643, 0
el_qcd20: 0, 0, 0, 0, 0, 0
el_qcd20: 56, 210, 11424, 0, 1498, 0
el_qcd21: 0, 0, 0, 0, 0, 0
el_qcd21: 214, 903, 36366, 0, 2643, 0
el_qcd21: 0, 0, 0, 0, 0, 0
el_qcd21: 56, 0, 0, 0, 0, 0
el_qcd22: 0, 0, 0, 0, 0, 0
el_qcd22: 214, 903, 36366, 0, 2643, 0
el_qcd22: 0, 0, 0, 0, 0, 0
el_qcd22: 0, 210, 0, 0, 0, 0
el_qcd23: 0, 0, 0, 0, 0, 0
el_qcd23: 214, 903, 36366, 0, 2643, 0
el_qcd23: 0, 0, 0, 0, 0, 0
el_qcd23: 0, 0, 11424, 0, 0, 0
el_qcd30: 0, 0, 0, 0, 0, 0
el_qcd30: 254, 1009, 59512, 0, 5014, 0
el_qcd30: 0, 0, 0, 0, 0, 0
el_qcd30: 73, 282, 22824, 0, 3284, 0
el_qcd31: 0, 0, 0, 0, 0, 0
el_qcd31: 254, 1009, 59512, 0, 5014, 0
el_qcd31: 0, 0, 0, 0, 0, 0
el_qcd31: 73, 0, 0, 0, 0, 0
el_qcd32: 0, 0, 0, 0, 0, 0
el_qcd32: 254, 1009, 59512, 0, 5014, 0
el_qcd32: 0, 0, 0, 0, 0, 0
el_qcd32: 0, 282, 0, 0, 0, 0
el_qcd33: 0, 0, 0, 0, 0, 0
el_qcd33: 254, 1009, 59512, 0, 5014, 0
el_qcd33: 0, 0, 0, 0, 0, 0
el_qcd33: 0, 0, 22824, 0, 0, 0
el_qcd40: 0, 0, 0, 0, 0, 0
el_qcd40: 191, 668, 46016, 0, 4942, 0
el_qcd40: 0, 0, 0, 0, 0, 0
el_qcd40: 62, 242, 20902, 0, 3545, 0
el_qcd41: 0, 0, 0, 0, 0, 0
el_qcd41: 191, 668, 46016, 0, 4942, 0
el_qcd41: 0, 0, 0, 0, 0, 0
el_qcd41: 62, 0, 0, 0, 0, 0
el_qcd42: 0, 0, 0, 0, 0, 0
el_qcd42: 191, 668, 46016, 0, 4942, 0
el_qcd42: 0, 0, 0, 0, 0, 0
el_qcd42: 0, 242, 0, 0, 0, 0
el_qcd43: 0, 0, 0, 0, 0, 0
el_qcd43: 191, 668, 46016, 0, 4942, 0
el_qcd43: 0, 0, 0, 0, 0, 0
el_qcd43: 0, 0, 20902, 0, 0, 0
el_qcd50: 0, 0, 0, 0, 0, 0
el_qcd50: 70, 237, 17809, 0, 3034, 0
el_qcd50: 0, 0, 0, 0, 0, 0
el_qcd50: 29, 95, 9591, 0, 2343, 0
el_qcd51: 0, 0, 0, 0, 0, 0
el_qcd51: 70, 237, 17809, 0, 3034, 0
el_qcd51: 0, 0, 0, 0, 0, 0
el_qcd51: 29, 0, 0, 0, 0, 0
el_qcd52: 0, 0, 0, 0, 0, 0
el_qcd52: 70, 237, 17809, 0, 3034, 0
el_qcd52: 0, 0, 0, 0, 0, 0
el_qcd52: 0, 95, 0, 0, 0, 0
el_qcd53: 0, 0, 0, 0, 0, 0
el_qcd53: 70, 237, 17809, 0, 3034, 0
el_qcd53: 0, 0, 0, 0, 0, 0
el_qcd53: 0, 0, 9591, 0, 0, 0
el_qcd60: 0, 0, 0, 0, 0, 0
el_qcd60: 14108, 2971, 45, 0, 23, 0
el_qcd60: 0, 0, 0, 0, 0, 0
el_qcd60: 5453, 1020, 19, 0, 10, 0
el_qcd61: 0, 0, 0, 0, 0, 0
el_qcd61: 14108, 2971, 45, 0, 23, 0
el_qcd61: 0, 0, 0, 0, 0, 0
el_qcd61: 5453, 0, 0, 0, 0, 0
el_qcd62: 0, 0, 0, 0, 0, 0
el_qcd62: 14108, 2971, 45, 0, 23, 0
el_qcd62: 0, 0, 0, 0, 0, 0
el_qcd62: 0, 1020, 0, 0, 0, 0
el_qcd63: 0, 0, 0, 0, 0, 0
el_qcd63: 14108, 2971, 45, 0, 23, 0
el_qcd63: 0, 0, 0, 0, 0, 0
el_qcd63: 0, 0, 19, 0, 0, 0
el_qcd70: 0, 0, 0, 0, 0, 0
el_qcd70: 36155, 8454, 196, 0, 43, 0
el_qcd70: 0, 0, 0, 0, 0, 0
el_qcd70: 8790, 1998, 51, 0, 18, 0
el_qcd71: 0, 0, 0, 0, 0, 0
el_qcd71: 36155, 8454, 196, 0, 43, 0
el_qcd71: 0, 0, 0, 0, 0, 0
el_qcd71: 8790, 0, 0, 0, 0, 0
el_qcd72: 0, 0, 0, 0, 0, 0
el_qcd72: 36155, 8454, 196, 0, 43, 0
el_qcd72: 0, 0, 0, 0, 0, 0
el_qcd72: 0, 1998, 0, 0, 0, 0
el_qcd73: 0, 0, 0, 0, 0, 0
el_qcd73: 36155, 8454, 196, 0, 43, 0
el_qcd73: 0, 0, 0, 0, 0, 0
el_qcd73: 0, 0, 51, 0, 0, 0
el_qcd80: 0, 0, 0, 0, 0, 0
el_qcd80: 20935, 5849, 697, 0, 57, 0
el_qcd80: 0, 0, 0, 0, 0, 0
el_qcd80: 2782, 956, 165, 0, 20, 0
el_qcd81: 0, 0, 0, 0, 0, 0
el_qcd81: 20935, 5849, 697, 0, 57, 0
el_qcd81: 0, 0, 0, 0, 0, 0
el_qcd81: 2782, 0, 0, 0, 0, 0
el_qcd82: 0, 0, 0, 0, 0, 0
el_qcd82: 20935, 5849, 697, 0, 57, 0
el_qcd82: 0, 0, 0, 0, 0, 0
el_qcd82: 0, 956, 0, 0, 0, 0
el_qcd83: 0, 0, 0, 0, 0, 0
el_qcd83: 20935, 5849, 697, 0, 57, 0
el_qcd83: 0, 0, 0, 0, 0, 0
el_qcd83: 0, 0, 165, 0, 0, 0
el_qcd00: 0, 0, 0, 0, 0, 0
el_qcd00: 203, 810, 29076, 0, 3195, 0
el_qcd00: 0, 0, 0, 0, 0, 0
el_qcd00: 105, 331, 15109, 0, 1867, 0
el_qcd01: 0, 0, 0, 0, 0, 0
el_qcd01: 203, 810, 29076, 0, 3195, 0
el_qcd01: 0, 0, 0, 0, 0, 0
el_qcd01: 105, 0, 0, 0, 0, 0
el_qcd02: 0, 0, 0, 0, 0, 0
el_qcd02: 203, 810, 29076, 0, 3195, 0
el_qcd02: 0, 0, 0, 0, 0, 0
el_qcd02: 0, 331, 0, 0, 0, 0
el_qcd00: 0, 0, 0, 0, 0, 0
el_qcd00: 203, 810, 29076, 0, 3195, 0
el_qcd00: 0, 0, 0, 0, 0, 0
el_qcd00: 105, 331, 15109, 0, 1867, 0
el_qcd01: 0, 0, 0, 0, 0, 0
el_qcd01: 203, 810, 29076, 0, 3195, 0
el_qcd01: 0, 0, 0, 0, 0, 0
el_qcd01: 105, 0, 0, 0, 0, 0
el_qcd02: 0, 0, 0, 0, 0, 0
el_qcd02: 203, 810, 29076, 0, 3195, 0
el_qcd02: 0, 0, 0, 0, 0, 0
el_qcd02: 0, 331, 0, 0, 0, 0
el_qcd03: 0, 0, 0, 0, 0, 0
el_qcd03: 203, 810, 29076, 0, 3195, 0
el_qcd03: 0, 0, 0, 0, 0, 0
el_qcd03: 0, 0, 15109, 0, 0, 0
el_qcd10: 0, 0, 0, 0, 0, 0
el_qcd10: 253, 758, 26512, 0, 2163, 0
el_qcd10: 0, 0, 0, 0, 0, 0
el_qcd10: 82, 208, 9836, 0, 1129, 0
el_qcd11: 0, 0, 0, 0, 0, 0
el_qcd11: 253, 758, 26512, 0, 2163, 0
el_qcd11: 0, 0, 0, 0, 0, 0
el_qcd11: 82, 0, 0, 0, 0, 0
el_qcd12: 0, 0, 0, 0, 0, 0
el_qcd12: 253, 758, 26512, 0, 2163, 0
el_qcd12: 0, 0, 0, 0, 0, 0
el_qcd12: 0, 208, 0, 0, 0, 0
el_qcd13: 0, 0, 0, 0, 0, 0
el_qcd13: 253, 758, 26512, 0, 2163, 0
el_qcd13: 0, 0, 0, 0, 0, 0
el_qcd13: 0, 0, 9836, 0, 0, 0
el_qcd20: 0, 0, 0, 0, 0, 0
el_qcd20: 214, 903, 36366, 0, 2643, 0
el_qcd20: 0, 0, 0, 0, 0, 0
el_qcd20: 56, 210, 11424, 0, 1498, 0
el_qcd21: 0, 0, 0, 0, 0, 0
el_qcd21: 214, 903, 36366, 0, 2643, 0
el_qcd21: 0, 0, 0, 0, 0, 0
el_qcd21: 56, 0, 0, 0, 0, 0
el_qcd22: 0, 0, 0, 0, 0, 0
el_qcd22: 214, 903, 36366, 0, 2643, 0
el_qcd22: 0, 0, 0, 0, 0, 0
el_qcd22: 0, 210, 0, 0, 0, 0
el_qcd23: 0, 0, 0, 0, 0, 0
el_qcd23: 214, 903, 36366, 0, 2643, 0
el_qcd23: 0, 0, 0, 0, 0, 0
el_qcd23: 0, 0, 11424, 0, 0, 0
el_qcd30: 0, 0, 0, 0, 0, 0
el_qcd30: 254, 1009, 59512, 0, 5014, 0
el_qcd30: 0, 0, 0, 0, 0, 0
el_qcd30: 73, 282, 22824, 0, 3284, 0
el_qcd31: 0, 0, 0, 0, 0, 0
el_qcd31: 254, 1009, 59512, 0, 5014, 0
el_qcd31: 0, 0, 0, 0, 0, 0
el_qcd31: 73, 0, 0, 0, 0, 0
el_qcd32: 0, 0, 0, 0, 0, 0
el_qcd32: 254, 1009, 59512, 0, 5014, 0
el_qcd32: 0, 0, 0, 0, 0, 0
el_qcd32: 0, 282, 0, 0, 0, 0
el_qcd33: 0, 0, 0, 0, 0, 0
el_qcd33: 254, 1009, 59512, 0, 5014, 0
el_qcd33: 0, 0, 0, 0, 0, 0
el_qcd33: 0, 0, 22824, 0, 0, 0
el_qcd40: 0, 0, 0, 0, 0, 0
el_qcd40: 191, 668, 46016, 0, 4942, 0
el_qcd40: 0, 0, 0, 0, 0, 0
el_qcd40: 62, 242, 20902, 0, 3545, 0
el_qcd41: 0, 0, 0, 0, 0, 0
el_qcd41: 191, 668, 46016, 0, 4942, 0
el_qcd41: 0, 0, 0, 0, 0, 0
el_qcd41: 62, 0, 0, 0, 0, 0
el_qcd42: 0, 0, 0, 0, 0, 0
el_qcd42: 191, 668, 46016, 0, 4942, 0
el_qcd42: 0, 0, 0, 0, 0, 0
el_qcd42: 0, 242, 0, 0, 0, 0
el_qcd43: 0, 0, 0, 0, 0, 0
el_qcd43: 191, 668, 46016, 0, 4942, 0
el_qcd43: 0, 0, 0, 0, 0, 0
el_qcd43: 0, 0, 20902, 0, 0, 0
el_qcd50: 0, 0, 0, 0, 0, 0
el_qcd50: 70, 237, 17809, 0, 3034, 0
el_qcd50: 0, 0, 0, 0, 0, 0
el_qcd50: 29, 95, 9591, 0, 2343, 0
el_qcd51: 0, 0, 0, 0, 0, 0
el_qcd51: 70, 237, 17809, 0, 3034, 0
el_qcd51: 0, 0, 0, 0, 0, 0
el_qcd51: 29, 0, 0, 0, 0, 0
el_qcd52: 0, 0, 0, 0, 0, 0
el_qcd52: 70, 237, 17809, 0, 3034, 0
el_qcd52: 0, 0, 0, 0, 0, 0
el_qcd52: 0, 95, 0, 0, 0, 0
el_qcd53: 0, 0, 0, 0, 0, 0
el_qcd53: 70, 237, 17809, 0, 3034, 0
el_qcd53: 0, 0, 0, 0, 0, 0
el_qcd53: 0, 0, 9591, 0, 0, 0
el_qcd60: 0, 0, 0, 0, 0, 0
el_qcd60: 14108, 2971, 45, 0, 23, 0
el_qcd60: 0, 0, 0, 0, 0, 0
el_qcd60: 5453, 1020, 19, 0, 10, 0
el_qcd61: 0, 0, 0, 0, 0, 0
el_qcd61: 14108, 2971, 45, 0, 23, 0
el_qcd61: 0, 0, 0, 0, 0, 0
el_qcd61: 5453, 0, 0, 0, 0, 0
el_qcd62: 0, 0, 0, 0, 0, 0
el_qcd62: 14108, 2971, 45, 0, 23, 0
el_qcd62: 0, 0, 0, 0, 0, 0
el_qcd62: 0, 1020, 0, 0, 0, 0
el_qcd63: 0, 0, 0, 0, 0, 0
el_qcd63: 14108, 2971, 45, 0, 23, 0
el_qcd63: 0, 0, 0, 0, 0, 0
el_qcd63: 0, 0, 19, 0, 0, 0
el_qcd70: 0, 0, 0, 0, 0, 0
el_qcd70: 36155, 8454, 196, 0, 43, 0
el_qcd70: 0, 0, 0, 0, 0, 0
el_qcd70: 8790, 1998, 51, 0, 18, 0
el_qcd71: 0, 0, 0, 0, 0, 0
el_qcd71: 36155, 8454, 196, 0, 43, 0
el_qcd71: 0, 0, 0, 0, 0, 0
el_qcd71: 8790, 0, 0, 0, 0, 0
el_qcd72: 0, 0, 0, 0, 0, 0
el_qcd72: 36155, 8454, 196, 0, 43, 0
el_qcd72: 0, 0, 0, 0, 0, 0
el_qcd72: 0, 1998, 0, 0, 0, 0
el_qcd73: 0, 0, 0, 0, 0, 0
el_qcd73: 36155, 8454, 196, 0, 43, 0
el_qcd73: 0, 0, 0, 0, 0, 0
el_qcd73: 0, 0, 51, 0, 0, 0
el_qcd80: 0, 0, 0, 0, 0, 0
el_qcd80: 20935, 5849, 697, 0, 57, 0
el_qcd80: 0, 0, 0, 0, 0, 0
el_qcd80: 2782, 956, 165, 0, 20, 0
el_qcd81: 0, 0, 0, 0, 0, 0
el_qcd81: 20935, 5849, 697, 0, 57, 0
el_qcd81: 0, 0, 0, 0, 0, 0
el_qcd81: 2782, 0, 0, 0, 0, 0
el_qcd82: 0, 0, 0, 0, 0, 0
el_qcd82: 20935, 5849, 697, 0, 57, 0
el_qcd82: 0, 0, 0, 0, 0, 0
el_qcd82: 0, 956, 0, 0, 0, 0
el_qcd83: 0, 0, 0, 0, 0, 0
el_qcd83: 20935, 5849, 697, 0, 57, 0
el_qcd83: 0, 0, 0, 0, 0, 0
el_qcd83: 0, 0, 165, 0, 0, 0
el_qcd00: 0, 0, 0, 0, 0, 0
el_qcd00: 203, 810, 29076, 0, 3195, 0
el_qcd00: 0, 0, 0, 0, 0, 0
el_qcd00: 105, 331, 15109, 0, 1867, 0
el_qcd01: 0, 0, 0, 0, 0, 0
el_qcd01: 203, 810, 29076, 0, 3195, 0
el_qcd01: 0, 0, 0, 0, 0, 0
el_qcd01: 105, 0, 0, 0, 0, 0
el_qcd02: 0, 0, 0, 0, 0, 0
el_qcd02: 203, 810, 29076, 0, 3195, 0
el_qcd02: 0, 0, 0, 0, 0, 0
el_qcd02: 0, 331, 0, 0, 0, 0
el_qcd03: 0, 0, 0, 0, 0, 0
el_qcd03: 203, 810, 29076, 0, 3195, 0
el_qcd03: 0, 0, 0, 0, 0, 0
el_qcd03: 0, 0, 15109, 0, 0, 0
el_qcd10: 0, 0, 0, 0, 0, 0
el_qcd10: 253, 758, 26512, 0, 2163, 0
el_qcd10: 0, 0, 0, 0, 0, 0
el_qcd10: 82, 208, 9836, 0, 1129, 0
el_qcd11: 0, 0, 0, 0, 0, 0
el_qcd11: 253, 758, 26512, 0, 2163, 0
el_qcd11: 0, 0, 0, 0, 0, 0
el_qcd11: 82, 0, 0, 0, 0, 0
el_qcd12: 0, 0, 0, 0, 0, 0
el_qcd12: 253, 758, 26512, 0, 2163, 0
el_qcd12: 0, 0, 0, 0, 0, 0
el_qcd12: 0, 208, 0, 0, 0, 0
el_qcd13: 0, 0, 0, 0, 0, 0
el_qcd13: 253, 758, 26512, 0, 2163, 0
el_qcd13: 0, 0, 0, 0, 0, 0
el_qcd13: 0, 0, 9836, 0, 0, 0
el_qcd20: 0, 0, 0, 0, 0, 0
el_qcd20: 214, 903, 36366, 0, 2643, 0
el_qcd20: 0, 0, 0, 0, 0, 0
el_qcd20: 56, 210, 11424, 0, 1498, 0
el_qcd21: 0, 0, 0, 0, 0, 0
el_qcd21: 214, 903, 36366, 0, 2643, 0
el_qcd21: 0, 0, 0, 0, 0, 0
el_qcd21: 56, 0, 0, 0, 0, 0
el_qcd22: 0, 0, 0, 0, 0, 0
el_qcd22: 214, 903, 36366, 0, 2643, 0
el_qcd22: 0, 0, 0, 0, 0, 0
el_qcd22: 0, 210, 0, 0, 0, 0
el_qcd23: 0, 0, 0, 0, 0, 0
el_qcd23: 214, 903, 36366, 0, 2643, 0
el_qcd23: 0, 0, 0, 0, 0, 0
el_qcd23: 0, 0, 11424, 0, 0, 0
el_qcd30: 0, 0, 0, 0, 0, 0
el_qcd30: 254, 1009, 59512, 0, 5014, 0
el_qcd30: 0, 0, 0, 0, 0, 0
el_qcd30: 73, 282, 22824, 0, 3284, 0
el_qcd31: 0, 0, 0, 0, 0, 0
el_qcd31: 254, 1009, 59512, 0, 5014, 0
el_qcd31: 0, 0, 0, 0, 0, 0
el_qcd31: 73, 0, 0, 0, 0, 0
el_qcd32: 0, 0, 0, 0, 0, 0
el_qcd32: 254, 1009, 59512, 0, 5014, 0
el_qcd32: 0, 0, 0, 0, 0, 0
el_qcd32: 0, 282, 0, 0, 0, 0
el_qcd33: 0, 0, 0, 0, 0, 0
el_qcd33: 254, 1009, 59512, 0, 5014, 0
el_qcd33: 0, 0, 0, 0, 0, 0
el_qcd33: 0, 0, 22824, 0, 0, 0
el_qcd40: 0, 0, 0, 0, 0, 0
el_qcd40: 191, 668, 46016, 0, 4942, 0
el_qcd40: 0, 0, 0, 0, 0, 0
el_qcd40: 62, 242, 20902, 0, 3545, 0
el_qcd41: 0, 0, 0, 0, 0, 0
el_qcd41: 191, 668, 46016, 0, 4942, 0
el_qcd41: 0, 0, 0, 0, 0, 0
el_qcd41: 62, 0, 0, 0, 0, 0
el_qcd42: 0, 0, 0, 0, 0, 0
el_qcd42: 191, 668, 46016, 0, 4942, 0
el_qcd42: 0, 0, 0, 0, 0, 0
el_qcd42: 0, 242, 0, 0, 0, 0
el_qcd43: 0, 0, 0, 0, 0, 0
el_qcd43: 191, 668, 46016, 0, 4942, 0
el_qcd43: 0, 0, 0, 0, 0, 0
el_qcd43: 0, 0, 20902, 0, 0, 0
el_qcd50: 0, 0, 0, 0, 0, 0
el_qcd50: 70, 237, 17809, 0, 3034, 0
el_qcd50: 0, 0, 0, 0, 0, 0
el_qcd50: 29, 95, 9591, 0, 2343, 0
el_qcd51: 0, 0, 0, 0, 0, 0
el_qcd51: 70, 237, 17809, 0, 3034, 0
el_qcd51: 0, 0, 0, 0, 0, 0
el_qcd51: 29, 0, 0, 0, 0, 0
el_qcd52: 0, 0, 0, 0, 0, 0
el_qcd52: 70, 237, 17809, 0, 3034, 0
el_qcd52: 0, 0, 0, 0, 0, 0
el_qcd52: 0, 95, 0, 0, 0, 0
el_qcd53: 0, 0, 0, 0, 0, 0
el_qcd53: 70, 237, 17809, 0, 3034, 0
el_qcd53: 0, 0, 0, 0, 0, 0
el_qcd53: 0, 0, 9591, 0, 0, 0
el_qcd60: 0, 0, 0, 0, 0, 0
el_qcd60: 14108, 2971, 45, 0, 23, 0
el_qcd60: 0, 0, 0, 0, 0, 0
el_qcd60: 5453, 1020, 19, 0, 10, 0
el_qcd61: 0, 0, 0, 0, 0, 0
el_qcd61: 14108, 2971, 45, 0, 23, 0
el_qcd61: 0, 0, 0, 0, 0, 0
el_qcd61: 5453, 0, 0, 0, 0, 0
el_qcd62: 0, 0, 0, 0, 0, 0
el_qcd62: 14108, 2971, 45, 0, 23, 0
el_qcd62: 0, 0, 0, 0, 0, 0
el_qcd62: 0, 1020, 0, 0, 0, 0
el_qcd63: 0, 0, 0, 0, 0, 0
el_qcd63: 14108, 2971, 45, 0, 23, 0
el_qcd63: 0, 0, 0, 0, 0, 0
el_qcd63: 0, 0, 19, 0, 0, 0
el_qcd70: 0, 0, 0, 0, 0, 0
el_qcd70: 36155, 8454, 196, 0, 43, 0
el_qcd70: 0, 0, 0, 0, 0, 0
el_qcd70: 8790, 1998, 51, 0, 18, 0
el_qcd71: 0, 0, 0, 0, 0, 0
el_qcd71: 36155, 8454, 196, 0, 43, 0
el_qcd71: 0, 0, 0, 0, 0, 0
el_qcd71: 8790, 0, 0, 0, 0, 0
el_qcd72: 0, 0, 0, 0, 0, 0
el_qcd72: 36155, 8454, 196, 0, 43, 0
el_qcd72: 0, 0, 0, 0, 0, 0
el_qcd72: 0, 1998, 0, 0, 0, 0
el_qcd73: 0, 0, 0, 0, 0, 0
el_qcd73: 36155, 8454, 196, 0, 43, 0
el_qcd73: 0, 0, 0, 0, 0, 0
el_qcd73: 0, 0, 51, 0, 0, 0
el_qcd80: 0, 0, 0, 0, 0, 0
el_qcd80: 20935, 5849, 697, 0, 57, 0
el_qcd80: 0, 0, 0, 0, 0, 0
el_qcd80: 2782, 956, 165, 0, 20, 0
el_qcd81: 0, 0, 0, 0, 0, 0
el_qcd81: 20935, 5849, 697, 0, 57, 0
el_qcd81: 0, 0, 0, 0, 0, 0
el_qcd81: 2782, 0, 0, 0, 0, 0
el_qcd82: 0, 0, 0, 0, 0, 0
el_qcd82: 20935, 5849, 697, 0, 57, 0
el_qcd82: 0, 0, 0, 0, 0, 0
el_qcd82: 0, 956, 0, 0, 0, 0
el_qcd83: 0, 0, 0, 0, 0, 0
el_qcd83: 20935, 5849, 697, 0, 57, 0
el_qcd83: 0, 0, 0, 0, 0, 0
el_qcd83: 0, 0, 165, 0, 0, 0
mu_qcd0: 0, 0, 0, 0, 0, 0
mu_qcd0: 5068088, 1272108, 419430, 0, 1664, 0
mu_qcd0: 0, 0, 0, 0, 0, 0
mu_qcd0: 338509, 56601, 57672, 0, 370, 0
mu_qcd1: 0, 0, 0, 0, 0, 0
mu_qcd1: 5068088, 1272108, 419430, 0, 1664, 0
mu_qcd1: 0, 0, 0, 0, 0, 0
mu_qcd1: 338509, 0, 0, 0, 0, 0
mu_qcd2: 0, 0, 0, 0, 0, 0
mu_qcd2: 5068088, 1272108, 419430, 0, 1664, 0
mu_qcd2: 0, 0, 0, 0, 0, 0
mu_qcd2: 0, 56601, 0, 0, 0, 0
mu_qcd3: 0, 0, 0, 0, 0, 0
mu_qcd3: 5068088, 1272108, 419430, 0, 1664, 0
mu_qcd3: 0, 0, 0, 0, 0, 0
mu_qcd3: 0, 0, 57672, 0, 0, 0
