RUN	LUMI	EVENT	LEPPT	AWAYJETPT	ISTIGHT	DR	DPHI	MET	MT

ETH HAS 1 MORE IN THE LIST:
---------------------------
203912  225 277791107   21.01   47.77   0   0.00    -99.00  20.83   41.68


UFL HAS 15 MORE IN THE LIST:
----------------------------
203912  229 281974731   31.17   80.07   0   1.40    0.13    28.21   52.80
203912  240 294842135   32.79   0.00    0   0.00    0.00    46.70   77.75
203912  261 317755942   31.24   49.43   0   2.13    0.16    49.17   56.21
203912  123 158108145   36.68   0.00    1   0.00    0.00    46.09   70.91
203912  236 290675322   21.89   0.00    1   0.00    0.00    26.26   35.76
203912  234 288231709   28.44   0.00    1   0.00    0.00    37.52   65.31
203912  238 292609098   22.10   0.00    1   0.00    0.00    10.78   20.98
203912  124 159326562   23.50   0.00    1   0.00    0.00    26.99   35.59
203912  225 277394019   21.19   116.53  0   1.03    0.13    29.92   40.14
203912  122 157015602   25.10   0.00    1   0.00    0.00    16.35	18.91
203912  234 288234033   58.05   88.82   0   3.10    0.15    15.21   53.65
203912  234 288044640   41.61   90.95   0   2.20    0.15    17.14   53.14
203912  229 281860639   26.97   0.00    0   0.00    0.00    27.84   23.24
203912  261 318175484   20.57   0.00    1   0.00    0.00    27.74	42.59
203912  219 271343556   34.38   40.25   0   3.05    0.73    23.23   34.69
